date,code,open,high,low,close,preclose,volume,amount,turn,tradestatus,pctChg,peTTM,pbMRQ,psTTM,pcfNcfTTM,isST
2017-07-03,sh.603617,10.7200,12.8600,10.7200,12.8600,8.9300,10100,129672.0000,0.040400,1,44.008950,21.966135,5.216690,2.498227,-102.658371,0
2017-07-04,sh.603617,14.1500,14.1500,14.1500,14.1500,12.8600,1492,21112.0000,0.005968,1,10.031100,24.169581,5.739981,2.748826,-112.956139,0
2017-07-05,sh.603617,15.5700,15.5700,15.5700,15.5700,14.1500,7692,119764.0000,0.030768,1,10.035340,26.595079,6.316008,3.024680,-124.291666,0
2017-07-06,sh.603617,17.1300,17.1300,17.1300,17.1300,15.5700,5032,86198.0000,0.020128,1,10.019260,29.259712,6.948825,3.327731,-136.744781,0
2017-07-07,sh.603617,18.8400,18.8400,18.8400,18.8400,17.1300,30432,573339.0000,0.121728,1,9.982492,32.180559,7.642491,3.659921,-150.395311,0
2017-07-10,sh.603617,20.7200,20.7200,20.7200,20.7200,18.8400,59528,1233420.0000,0.238112,1,9.978764,35.391782,8.405117,4.025136,-165.402911,0
2017-07-11,sh.603617,22.7900,22.7900,22.7900,22.7900,20.7200,74259,1692363.0000,0.297036,1,9.990355,38.927544,9.244818,4.427261,-181.927237,0
2017-07-12,sh.603617,25.0700,25.0700,25.0700,25.0700,22.7900,98916,2479824.0000,0.395664,1,10.004380,42.822007,10.169705,4.870182,-200.127943,0
2017-07-13,sh.603617,27.5800,27.5800,27.5800,27.5800,25.0700,406349,11207105.0000,1.625396,1,10.011970,47.109332,11.187893,5.357783,-220.164686,0
2017-07-14,sh.603617,26.9000,29.8400,25.9000,28.5600,27.5800,16655913,453453808.0000,66.623652,1,3.553298,48.783267,11.585432,5.548161,-227.987797,0
2017-07-17,sh.603617,26.4600,27.5800,25.7000,25.7000,28.5600,9371791,248154402.0000,37.487164,1,-10.014000,43.898108,10.425266,4.992568,-205.157086,0
2017-07-18,sh.603617,24.5600,25.5000,23.5700,24.5900,25.7000,8155971,200477755.0000,32.623884,1,-4.319068,42.002120,9.974992,4.776935,-196.296216,0
2017-07-19,sh.603617,24.0500,24.8800,23.7300,24.4500,24.5900,6159602,149451468.0000,24.638408,1,-0.569335,41.762986,9.918201,4.749739,-195.178628,0
2017-07-20,sh.603617,24.3900,25.3200,23.7100,23.7700,24.4500,6738158,165427673.0000,26.952632,1,-2.781187,40.601480,9.642357,4.617640,-189.750348,0
2017-07-21,sh.603617,23.4000,24.4700,22.8700,24.0600,23.7700,6715290,158474297.0000,26.861160,1,1.220021,41.096828,9.759996,4.673976,-192.065350,0
2017-07-24,sh.603617,23.5500,25.1800,23.3000,24.6400,24.0600,6227603,151040188.0000,24.910412,1,2.410640,42.087525,9.995275,4.786649,-196.695354,0
2017-07-25,sh.603617,24.6400,24.7000,24.0000,24.1800,24.6400,4345635,105628230.0000,17.382540,1,-1.866879,41.301800,9.808675,4.697287,-193.023282,0
2017-07-26,sh.603617,24.0000,24.7400,23.5100,24.0100,24.1800,3946570,95178721.0000,15.786280,1,-0.703061,41.011423,9.739714,4.664263,-191.666211,0
2017-07-27,sh.603617,24.0100,25.8800,23.6800,25.7900,24.0100,8159008,203004340.0000,32.636032,1,7.413580,44.051837,10.461775,5.010051,-205.875535,0
2017-07-28,sh.603617,25.4000,25.8800,24.9100,24.9600,25.7900,5561201,140858375.0000,22.244804,1,-3.218309,42.634116,10.125084,4.848813,-199.249839,0
2017-07-31,sh.603617,24.8200,25.2000,24.4700,24.7000,24.9600,4054716,100686346.0000,16.218864,1,-1.041660,42.190010,10.019614,4.798304,-197.174320,0
2017-08-01,sh.603617,24.7300,25.2800,24.2200,25.1700,24.7000,5068178,125800206.0000,20.272712,1,1.902831,42.992816,10.210271,4.889608,-200.926220,0
2017-08-02,sh.603617,25.0200,25.1200,24.1000,24.1200,25.1700,3843884,94587741.0000,15.375536,1,-4.171630,41.199314,9.784336,4.685632,-192.544316,0
2017-08-03,sh.603617,23.8800,24.5800,23.7800,24.0700,24.1200,3502532,84654523.0000,14.010128,1,-0.207302,41.113909,9.764053,4.675919,-192.145177,0
2017-08-04,sh.603617,24.0100,24.1400,23.2300,23.3700,24.0700,3284247,77822626.0000,13.136988,1,-2.908180,39.918241,9.480096,4.539934,-186.557241,0
2017-08-07,sh.603617,23.5200,23.8300,23.3700,23.4400,23.3700,1930774,45485597.0000,7.723096,1,0.299528,40.037807,9.508492,4.553533,-187.116035,0
2017-08-08,sh.603617,23.4500,23.5300,22.8900,23.0200,23.4400,2627290,60708948.0000,10.509160,1,-1.791809,39.320407,9.338118,4.471942,-183.763273,0
2017-08-09,sh.603617,23.0100,23.0700,22.6700,22.7000,23.0200,2144709,48987922.0000,8.578836,1,-1.390094,38.773815,9.208309,4.409778,-181.208788,0
2017-08-10,sh.603617,22.7200,22.8900,21.8500,22.0400,22.7000,2981089,66535462.0000,11.924356,1,-2.907488,37.646471,8.940579,4.281564,-175.940162,0
2017-08-11,sh.603617,21.8800,22.2700,21.5000,22.1400,22.0400,2256200,49575506.0000,9.024800,1,0.453714,37.817281,8.981144,4.300990,-176.738439,0
2017-08-14,sh.603617,22.1400,22.5800,22.1000,22.4900,22.1400,1539213,34476082.0000,6.156852,1,1.580851,38.415115,9.123122,4.368982,-179.532407,0
2017-08-15,sh.603617,22.7500,23.3400,22.6000,23.0800,22.4900,2745965,63054537.0000,10.983860,1,2.623389,39.422892,9.362457,4.483598,-184.242239,0
2017-08-16,sh.603617,23.0000,23.8500,22.9100,23.5500,23.0800,3529998,82896184.0000,14.119992,1,2.036392,40.225698,9.553114,4.574902,-187.994139,0
2017-08-17,sh.603617,23.4500,23.5500,23.2000,23.3300,23.5500,2466891,57583652.0000,9.867564,1,-0.934180,39.849917,9.463870,4.532164,-186.237930,0
2017-08-18,sh.603617,23.2700,23.5100,23.0000,23.2200,23.3300,1493224,34809958.0000,5.972896,1,-0.471498,39.662026,9.419248,4.510795,-185.359826,0
2017-08-21,sh.603617,23.3600,24.4700,23.2500,24.2100,23.2200,3407824,81962919.0000,13.631296,1,4.263565,40.776231,5.363226,4.500866,9.682692,0
2017-08-22,sh.603617,24.1400,24.3700,23.8300,24.2300,24.2100,3192693,76821165.0000,12.770772,1,0.082612,40.809916,5.367657,4.504584,9.690691,0
2017-08-23,sh.603617,24.1700,25.2000,23.8400,24.8400,24.2300,4634093,114228916.0000,18.536372,1,2.517543,41.837322,5.502790,4.617989,9.934658,0
2017-08-24,sh.603617,24.6900,25.2600,23.9500,23.9900,24.8400,5084531,125417356.0000,20.338124,1,-3.421901,40.405691,5.314490,4.459966,9.594704,0
2017-08-25,sh.603617,23.9000,25.1800,23.7100,25.0300,23.9900,4932443,121553851.0000,19.729772,1,4.335144,42.157334,5.544880,4.653312,10.010648,0
2017-08-28,sh.603617,25.1500,27.3800,25.1500,27.1100,25.0300,7226255,189059295.0000,28.905020,1,8.310027,45.660620,6.005661,5.040003,10.842536,0
2017-08-29,sh.603617,26.9700,29.8200,26.6900,27.5200,27.1100,11246526,317379840.0000,44.986104,1,1.512357,46.351172,6.096489,5.116226,11.006514,0
2017-08-30,sh.603617,27.0000,30.2700,26.8100,30.2700,27.5200,15404374,456372448.0000,61.617496,1,9.992732,50.982920,6.705694,5.627477,12.106365,0
2017-08-31,sh.603617,30.4000,32.8000,29.4500,32.0400,30.2700,15709124,483992528.0000,62.836496,1,5.847375,53.964082,7.097801,5.956537,12.814270,0
2017-09-01,sh.603617,30.5900,31.6700,29.6000,29.8400,32.0400,11078678,338285216.0000,44.314712,1,-6.866419,50.258683,6.610437,5.547536,11.934388,0
2017-09-04,sh.603617,29.6100,29.7800,27.5200,27.9800,29.8400,7967186,225257683.0000,31.868744,1,-6.233246,47.125937,6.198392,5.201745,11.190489,0
2017-09-05,sh.603617,28.2100,28.5100,27.8000,28.1400,27.9800,4603540,130063242.0000,18.414160,1,0.571836,47.395420,6.233837,5.231490,11.254480,0
2017-09-06,sh.603617,27.7400,27.7900,26.8100,27.6400,28.1400,4883638,132860879.0000,19.534552,1,-1.776830,46.553284,6.123072,5.138535,11.054507,0
2017-09-07,sh.603617,27.3300,28.1500,27.2800,27.4800,27.6400,3992724,111080759.0000,15.970896,1,-0.578871,46.283801,6.087627,5.108790,10.990516,0
2017-09-08,sh.603617,27.3800,27.8500,26.5800,27.1100,27.4800,3954626,107638863.0000,15.818504,1,-1.346430,45.660620,6.005661,5.040003,10.842536,0
2017-09-11,sh.603617,27.2600,28.1000,27.0500,28.0700,27.1100,3666814,101570130.0000,14.667256,1,3.541125,47.277521,6.218330,5.218476,11.226484,0
2017-09-12,sh.603617,27.9900,27.9900,27.0200,27.2900,28.0700,3451339,94614039.0000,13.805356,1,-2.778763,45.963789,6.045537,5.073467,10.914526,0
2017-09-13,sh.603617,27.1000,27.7200,27.0000,27.6100,27.2900,1907344,52209403.0000,7.629376,1,1.172590,46.502756,6.116426,5.132958,11.042509,0
2017-09-14,sh.603617,27.5900,28.3900,27.4900,28.3200,27.6100,4346811,121340422.0000,17.387244,1,2.571529,47.698589,6.273712,5.264954,11.326471,0
2017-09-15,sh.603617,28.0100,28.6000,27.7700,27.8200,28.3200,3932578,110647482.0000,15.730312,1,-1.765537,46.856453,6.162947,5.171999,11.126498,0
2017-09-18,sh.603617,27.3800,27.4000,26.6200,26.9400,27.8200,2755678,74186840.0000,11.022712,1,-3.163189,45.374294,5.968001,5.008399,10.774545,0
2017-09-19,sh.603617,26.9400,27.1700,26.8100,27.0700,26.9400,1759184,47504886.0000,7.036736,1,0.482551,45.593249,5.996800,5.032567,10.826538,0
2017-09-20,sh.603617,27.0600,27.4300,26.6000,27.3700,27.0700,2613506,70453399.0000,10.454024,1,1.108242,46.098531,6.063259,5.088340,10.946522,0
2017-09-21,sh.603617,27.1600,27.5900,26.8300,26.8600,27.3700,2273732,61896050.0000,9.094928,1,-1.863355,45.239552,5.950279,4.993526,10.742549,0
2017-09-22,sh.603617,26.8600,27.3500,26.6100,27.2900,26.8600,2094099,56639428.0000,8.376396,1,1.600895,45.963789,6.045537,5.073467,10.914526,0
2017-09-25,sh.603617,27.3900,27.9500,27.1000,27.1300,27.2900,2648951,73307885.0000,10.595804,1,-0.586302,45.694305,6.010092,5.043722,10.850535,0
2017-09-26,sh.603617,27.0600,27.2800,25.5100,25.8200,27.1300,3618189,94756482.0000,14.472756,1,-4.828601,43.487909,5.719889,4.800180,10.326606,0
2017-09-27,sh.603617,25.8000,26.1700,25.8000,26.0300,25.8200,1304868,33930860.0000,5.219472,1,0.813327,43.841606,5.766410,4.839221,10.410594,0
2017-09-28,sh.603617,26.0900,26.3800,25.9000,25.9200,26.0300,1393480,36396848.0000,5.573920,1,-0.422592,43.656336,5.742042,4.818771,10.366600,0
2017-09-29,sh.603617,25.9400,26.1400,25.8300,26.0500,25.9200,1082189,28153917.0000,4.328756,1,0.501540,43.875291,5.770840,4.842939,10.418593,0
2017-10-09,sh.603617,26.3600,26.8400,26.3600,26.6000,26.0500,1361988,36181285.0000,5.447952,1,2.111329,44.801641,5.892681,4.945190,10.638563,0
2017-10-10,sh.603617,26.6900,27.3800,26.4000,27.2900,26.6000,1982473,53389814.0000,7.929892,1,2.593987,45.963789,6.045537,5.073467,10.914526,0
2017-10-11,sh.603617,27.1000,27.6000,26.6600,26.8800,27.2900,1816828,49243675.0000,7.267312,1,-1.502388,45.273237,5.954710,4.997244,10.750548,0
2017-10-12,sh.603617,26.9100,27.1600,26.6000,26.9900,26.8800,1375996,37021172.0000,5.503984,1,0.409228,45.458507,5.979078,5.017694,10.794542,0
2017-10-13,sh.603617,26.9900,27.9300,26.8600,27.7900,26.9900,3100349,85432982.0000,12.401396,1,2.964065,46.805925,6.156301,5.166422,11.114499,0
2017-10-16,sh.603617,27.7500,27.9000,26.7500,26.8900,27.7900,2103681,57434575.0000,8.414724,1,-3.238580,45.290080,5.956925,4.999103,10.754548,0
2017-10-17,sh.603617,26.7000,27.3800,26.5100,27.1900,26.8900,1499476,40522084.0000,5.997904,1,1.115661,45.795362,6.023384,5.054876,10.874532,0
2017-10-18,sh.603617,27.0900,27.8700,26.9200,26.9900,27.1900,2638352,72516136.0000,10.553408,1,-0.735567,45.458507,5.979078,5.017694,10.794542,0
2017-10-19,sh.603617,26.8900,26.8900,26.0200,26.1600,26.9900,1894700,49976769.0000,7.578800,1,-3.075213,44.060561,5.795209,4.863389,10.462587,0
2017-10-20,sh.603617,26.1600,26.4400,26.1600,26.4100,26.1600,945368,24877421.0000,3.781472,1,0.955658,44.481629,5.850591,4.909867,10.562574,0
2017-10-23,sh.603617,26.4000,26.8600,26.2000,26.8100,26.4100,1126547,30038757.0000,4.506188,1,1.514576,45.155338,5.939203,4.984231,10.722552,0
2017-10-24,sh.603617,26.7400,27.0800,25.9000,26.4300,26.8100,1409252,37226450.0000,5.637008,1,-1.417378,44.515315,5.855021,4.913585,10.570573,0
2017-10-25,sh.603617,26.4500,27.4800,26.2600,27.3100,26.4300,2524369,68212943.0000,10.097476,1,3.329546,45.997474,6.049967,5.077185,10.922525,0
2017-10-26,sh.603617,27.0800,27.8500,27.0800,27.8000,27.3100,3128205,86287990.0000,12.512820,1,1.794214,46.822768,6.158517,5.168281,11.118499,0
2017-10-27,sh.603617,27.8000,28.2000,27.3000,27.8400,27.8000,2667457,73960665.0000,10.669828,1,0.143888,46.890139,6.167378,5.175717,11.134496,0
2017-10-30,sh.603617,27.4500,27.6800,26.1300,26.3600,27.8400,2305300,61692731.0000,9.221200,1,-5.316090,44.397416,5.839514,4.900571,10.542576,0
2017-10-31,sh.603617,26.3600,27.0800,26.1400,26.9500,26.3600,2147451,56892014.0000,8.589804,1,2.238240,46.726893,5.923425,4.839691,51.218503,0
2017-11-01,sh.603617,26.9100,27.2300,26.6800,27.0700,26.9500,2029105,54815257.0000,8.116420,1,0.445265,46.934953,5.949800,4.861240,51.446563,0
2017-11-02,sh.603617,27.0100,27.4400,26.4500,27.4000,27.0700,2838471,76556498.0000,11.353884,1,1.219061,47.507119,6.022332,4.920502,52.073729,0
2017-11-03,sh.603617,27.6400,27.6400,26.7000,26.8900,27.4000,2118710,57564280.0000,8.474840,1,-1.861315,46.622863,5.910237,4.828916,51.104473,0
2017-11-06,sh.603617,26.8800,28.2000,26.7500,28.1500,26.8900,4218285,116655778.0000,16.873140,1,4.685758,48.807497,6.187177,5.055187,53.499105,0
2017-11-07,sh.603617,28.2000,28.2200,27.6400,28.0800,28.1500,3126721,87365548.0000,12.506884,1,-0.248667,48.686128,6.171791,5.042616,53.366069,0
2017-11-08,sh.603617,28.1000,28.6600,27.8000,28.1600,28.0800,4491080,126811150.0000,17.964320,1,0.284900,48.824835,6.189375,5.056983,53.518110,0
2017-11-09,sh.603617,28.1000,28.3500,27.7300,28.0200,28.1600,2483694,69487587.0000,9.934776,1,-0.497157,48.582098,6.158604,5.031842,53.252039,0
2017-11-10,sh.603617,27.9100,29.0000,27.8000,28.6200,28.0200,4473679,127822607.0000,17.894716,1,2.141329,49.622400,6.290479,5.139590,54.392340,0
2017-11-13,sh.603617,28.7000,29.2800,28.2600,29.2200,28.6200,3360940,96400987.0000,13.443760,1,2.096431,50.662702,6.422355,5.247338,55.532641,0
2017-11-14,sh.603617,29.0700,30.5300,29.0000,30.1000,29.2200,7293120,217717926.0000,29.172480,1,3.011640,52.188478,6.615773,5.405369,57.205082,0
2017-11-15,sh.603617,29.6500,30.0000,29.0100,29.2200,30.1000,3474394,102394547.0000,13.897576,1,-2.923592,50.662702,6.422355,5.247338,55.532641,0
2017-11-16,sh.603617,28.9900,29.7000,27.7700,28.2500,29.2200,4305476,123240332.0000,17.221904,1,-3.319642,48.980880,6.209156,5.073145,53.689155,0
2017-11-17,sh.603617,27.6500,28.4700,25.4300,25.4300,28.2500,4125243,109773331.0000,16.500972,1,-9.982300,44.091461,5.589339,4.566729,48.329742,0
2017-11-20,sh.603617,24.9800,25.1800,22.8900,25.0100,25.4300,3097810,75213670.0000,12.391240,1,-1.651593,43.363250,5.497026,4.491305,47.531531,0
2017-11-21,sh.603617,24.7300,25.1900,23.8000,24.1500,25.0100,2521752,61439664.0000,10.087008,1,-3.438627,41.872151,5.308004,4.336866,45.897100,0
2017-11-22,sh.603617,23.9100,24.8900,23.7100,23.8900,24.1500,1862333,44951492.0000,7.449332,1,-1.076606,41.421353,5.250858,4.290175,45.402970,0
2017-11-23,sh.603617,23.7900,23.9800,22.5000,22.6000,23.8900,2226862,51754938.0000,8.907448,1,-5.399745,39.184704,4.967325,4.058516,42.951324,0
2017-11-24,sh.603617,22.6000,22.7900,22.3100,22.5900,22.6000,1352000,30616217.0000,5.408000,1,-0.044249,39.167366,4.965127,4.056720,42.932319,0
2017-11-27,sh.603617,22.5900,22.9100,22.2000,22.4500,22.5900,1172959,26405541.0000,4.691836,1,-0.619741,38.924629,4.934356,4.031579,42.666249,0
2017-11-28,sh.603617,22.4500,22.8600,22.4300,22.8100,22.4500,1563758,35428982.0000,6.255032,1,1.603558,39.548810,5.013481,4.096228,43.350429,0
2017-11-29,sh.603617,22.9100,22.9800,22.2100,22.5800,22.8100,1228145,27721531.0000,4.912580,1,-1.008328,39.150028,4.962929,4.054925,42.913314,0
2017-11-30,sh.603617,22.5900,22.8100,22.4500,22.6100,22.5800,1064721,24111171.0000,4.258884,1,0.132864,39.202043,4.969523,4.060312,42.970329,0
2017-12-01,sh.603617,22.7100,22.9800,22.4800,22.9100,22.6100,1176392,26805114.0000,4.705568,1,1.326843,39.722194,5.035461,4.114186,43.540479,0
2017-12-04,sh.603617,22.8300,22.8300,21.2300,21.3200,22.9100,2688671,58705219.0000,10.754684,1,-6.940202,36.965394,4.685990,3.828653,40.518682,0
2017-12-05,sh.603617,21.2000,21.4800,19.9700,20.3000,21.3200,2156692,44674976.0000,8.626768,1,-4.784243,35.196880,4.461801,3.645481,38.580171,0
2017-12-06,sh.603617,20.1500,20.6900,19.9100,20.6600,20.3000,1759289,35813900.0000,7.037156,1,1.773402,35.821062,4.540926,3.710130,39.264352,0
2017-12-07,sh.603617,20.5100,20.7500,20.3800,20.6300,20.6600,1091724,22465274.0000,4.366896,1,-0.145211,35.769046,4.534332,3.704743,39.207337,0
2017-12-08,sh.603617,20.6000,21.2800,20.5800,21.1100,20.6300,1568167,33031614.0000,6.272668,1,2.326716,36.601288,4.639833,3.790941,40.119577,0
2017-12-11,sh.603617,21.0100,21.5700,21.0100,21.3900,21.1100,1112985,23808904.0000,4.451940,1,1.326380,37.086762,4.701375,3.841224,40.651717,0
2017-12-12,sh.603617,21.4000,21.8600,21.0500,21.3500,21.3900,1518232,32604544.0000,6.072928,1,-0.186999,37.017409,4.692583,3.834041,40.575697,0
2017-12-13,sh.603617,21.7200,21.8800,21.1800,21.7800,21.3500,1016232,21993267.0000,4.064928,1,2.014053,37.762958,4.787094,3.911260,41.392913,0
2017-12-14,sh.603617,22.4400,22.5000,21.7100,21.8400,21.7800,1224116,26907921.0000,4.896464,1,0.275480,37.866989,4.800282,3.922035,41.506943,0
2017-12-15,sh.603617,21.6100,22.1800,21.6100,22.1100,21.8400,1532588,33693526.0000,6.130352,1,1.236266,38.335124,4.859626,3.970522,42.020078,0
2017-12-18,sh.603617,22.1100,22.9900,21.7000,22.4500,22.1100,1950672,43636195.0000,7.802688,1,1.537766,38.924629,4.934356,4.031579,42.666249,0
2017-12-19,sh.603617,22.2500,24.2400,22.2300,24.1800,22.4500,3736622,87448741.0000,14.946488,1,7.706011,41.924166,5.314598,4.342253,45.954115,0
2017-12-20,sh.603617,24.0000,24.1900,23.5000,23.6900,24.1800,1718814,40931703.0000,6.875256,1,-2.026467,41.074586,5.206899,4.254259,45.022870,0
2017-12-21,sh.603617,23.0000,23.6400,22.8200,23.3100,23.6900,1337600,31168178.0000,5.350400,1,-1.604057,40.415728,5.123378,4.186018,44.300679,0
2017-12-22,sh.603617,23.3500,23.9600,23.1700,23.7900,23.3100,1354300,32098295.0000,5.417200,1,2.059208,41.247970,5.228879,4.272217,45.212920,0
2017-12-25,sh.603617,23.6300,24.1800,23.3800,23.6300,23.7900,1033656,24490860.0000,4.134624,1,-0.672559,40.970556,5.193712,4.243484,44.908840,0
2017-12-26,sh.603617,23.5100,24.3200,23.3600,23.8300,23.6300,2024264,48316761.0000,8.097056,1,0.846385,41.317323,5.237670,4.279400,45.288940,0
2017-12-27,sh.603617,23.7900,23.9800,23.4000,23.6200,23.8300,1160492,27424300.0000,4.641968,1,-0.881238,40.953217,5.191514,4.241688,44.889835,0
2017-12-28,sh.603617,23.5000,23.7600,23.2100,23.3700,23.6200,1250496,29366293.0000,5.001984,1,-1.058425,40.519758,5.136565,4.196793,44.414710,0
2017-12-29,sh.603617,23.3700,23.9500,23.1800,23.8100,23.3700,1319904,31099353.0000,5.279616,1,1.882750,41.282646,5.233274,4.275808,45.250930,0
2018-01-02,sh.603617,23.6100,24.2900,23.6100,24.2100,23.8100,1229135,29502857.0000,4.916540,1,1.679965,41.976181,5.321192,4.347640,46.011130,0
2018-01-03,sh.603617,24.2000,25.0500,23.8400,24.9100,24.2100,2088343,51210457.0000,8.353372,1,2.891371,43.189867,5.475047,4.473347,47.341481,0
2018-01-04,sh.603617,24.8900,24.9100,24.4700,24.7600,24.9100,921636,22737212.0000,3.686544,1,-0.602166,42.929791,5.442078,4.446410,47.056406,0
2018-01-05,sh.603617,24.6900,24.6900,24.4000,24.4200,24.7600,565092,13827398.0000,2.260368,1,-1.373183,42.340287,5.367348,4.385352,46.410236,0
2018-01-08,sh.603617,24.3800,24.8000,24.1500,24.7500,24.4200,1012295,24871422.0000,4.049180,1,1.351351,42.912453,5.439880,4.444614,47.037401,0
2018-01-09,sh.603617,24.6800,25.1100,24.3600,24.9900,24.7500,2326419,57780835.0000,9.305676,1,0.969696,43.328573,5.492630,4.487713,47.493521,0
2018-01-10,sh.603617,25.0300,25.0900,24.2100,24.4900,24.9900,1348332,33273713.0000,5.393328,1,-2.000800,42.461655,5.382734,4.397923,46.543271,0
2018-01-11,sh.603617,24.8000,25.0000,24.2500,24.9900,24.4900,1448576,35675418.0000,5.794304,1,2.041650,43.328573,5.492630,4.487713,47.493521,0
2018-01-12,sh.603617,24.8100,26.0000,24.6800,25.8500,24.9900,1536132,38878334.0000,6.144528,1,3.441379,44.819673,5.681652,4.642152,49.127952,0
2018-01-15,sh.603617,25.5000,25.8800,25.2000,25.6300,25.8500,1393415,35449991.0000,5.573660,1,-0.851069,44.438229,5.633298,4.602645,48.709842,0
2018-01-16,sh.603617,25.9600,26.8800,24.0100,25.8900,25.6300,9278195,235788706.0000,37.112780,1,1.014437,44.889026,5.690444,4.649335,49.203972,0
2018-01-17,sh.603617,24.8800,24.8800,23.3000,23.3000,25.8900,5702500,134281502.0000,22.810000,1,-10.003860,40.398390,5.121180,4.184222,44.281674,0
2018-01-18,sh.603617,22.5200,22.7100,22.2300,22.5200,23.3000,3616800,81366688.0000,14.467200,1,-3.347635,39.045997,4.949741,4.044150,42.799284,0
2018-01-19,sh.603617,22.5300,22.8700,22.3600,22.4400,22.5200,2350960,53228984.0000,9.403840,1,-0.355239,38.907290,4.932158,4.029783,42.647244,0
2018-01-22,sh.603617,22.3500,22.3500,21.2100,21.9400,22.4400,2198476,48016066.0000,8.793904,1,-2.228164,38.040372,4.822261,3.939993,41.696993,0
2018-01-23,sh.603617,21.9700,22.2300,21.9000,22.1700,21.9400,1265132,27859892.0000,5.060528,1,1.048311,38.439155,4.872814,3.981297,42.134108,0
2018-01-24,sh.603617,22.1800,22.4600,22.0200,22.3500,22.1700,1204595,26852601.0000,4.818380,1,0.811909,38.751245,4.912376,4.013621,42.476198,0
2018-01-25,sh.603617,22.3800,22.5900,22.1500,22.1800,22.3500,1316900,29457063.0000,5.267600,1,-0.760627,38.456493,4.875012,3.983092,42.153113,0
2018-01-26,sh.603617,22.1300,22.2400,21.7500,21.7800,22.1800,1281100,28154390.0000,5.124400,1,-1.803425,37.762958,4.787094,3.911260,41.392913,0
2018-01-29,sh.603617,21.6700,22.0500,21.5100,21.5500,21.7800,958732,20811987.0000,3.834928,1,-1.056021,37.364176,4.736542,3.869957,40.955798,0
2018-01-30,sh.603617,21.5600,21.6800,21.2900,21.4300,21.5500,959016,20560446.0000,3.836064,1,-0.556840,37.156116,4.710167,3.848407,40.727737,0
2018-01-31,sh.603617,21.3800,21.3800,20.5100,20.7500,21.4300,1343984,28071233.0000,5.375936,1,-3.173123,35.977107,4.560707,3.726292,39.435397,0
2018-02-01,sh.603617,20.7400,20.8300,19.9000,20.0500,20.7500,1396952,28454319.0000,5.587808,1,-3.373498,34.763421,4.406852,3.600586,38.105046,0
2018-02-02,sh.603617,19.9200,19.9900,19.0600,19.6500,20.0500,959000,18836420.0000,3.836000,1,-1.995011,34.069887,4.318935,3.528754,37.344846,0
2018-02-05,sh.603617,19.3200,19.9800,19.2000,19.6400,19.6500,749504,14765472.0000,2.998016,1,-0.050892,34.052548,4.316737,3.526958,37.325841,0
2018-02-06,sh.603617,19.3800,19.3900,17.8000,17.8600,19.6400,1460600,27309359.0000,5.842400,1,-9.063130,30.966319,3.925505,3.207305,33.942949,0
2018-02-07,sh.603617,18.3600,18.6500,17.7500,18.2000,17.8600,1115176,20393285.0000,4.460704,1,1.903696,31.555824,4.000235,3.268363,34.589119,0
2018-02-08,sh.603617,18.2100,18.6900,18.2000,18.5400,18.2000,734876,13581282.0000,2.939504,1,1.868133,32.145328,4.074965,3.329420,35.235289,0
2018-02-09,sh.603617,18.0000,18.2300,17.5800,17.7700,18.5400,954895,17073369.0000,3.819580,1,-4.153184,30.810274,3.905724,3.191143,33.771904,0
2018-02-12,sh.603617,17.8500,18.6600,17.8500,18.4000,17.7700,927992,17057569.0000,3.711968,1,3.545296,31.902591,4.044194,3.304279,34.969219,0
2018-02-13,sh.603617,18.5900,18.6300,18.1800,18.2200,18.4000,549128,10096605.0000,2.196512,1,-0.978263,31.590501,4.004631,3.271954,34.627129,0
2018-02-14,sh.603617,18.2400,18.2700,18.0200,18.1300,18.2200,387500,7039834.0000,1.550000,1,-0.493963,31.434455,3.984849,3.255792,34.456084,0
2018-02-22,sh.603617,18.2800,18.4400,18.1400,18.3600,18.1300,548295,10049258.0000,2.193180,1,1.268624,31.833238,4.035402,3.297095,34.893199,0
2018-02-23,sh.603617,18.3000,18.6700,18.2600,18.4700,18.3600,612887,11307506.0000,2.451548,1,0.599121,32.023960,4.059579,3.316849,35.102254,0
2018-02-26,sh.603617,18.6900,19.3000,18.6900,19.2900,18.4700,991395,18890239.0000,3.965580,1,4.439641,33.445706,4.239810,3.464105,36.660665,0
2018-02-27,sh.603617,19.3100,19.9400,19.1700,19.5700,19.2900,934495,18169500.0000,3.737980,1,1.451523,33.931180,4.301352,3.514388,37.192806,0
2018-02-28,sh.603617,19.3100,19.6900,19.2800,19.5100,19.5700,668800,13050917.0000,2.675200,1,-0.306589,33.827150,4.288164,3.503613,37.078775,0
2018-03-01,sh.603617,19.4700,19.9100,19.3500,19.6400,19.5100,682100,13381733.0000,2.728400,1,0.666321,34.052548,4.316737,3.526958,37.325841,0
2018-03-02,sh.603617,19.6100,20.6600,19.5200,20.6400,19.6400,2515476,50947402.0000,10.061904,1,5.091650,35.786385,4.536530,3.706539,39.226342,0
2018-03-05,sh.603617,20.6700,21.1500,20.3100,20.9400,20.6400,2008103,41689097.0000,8.032412,1,1.453494,36.306536,4.602468,3.760413,39.796492,0
2018-03-06,sh.603617,20.9300,20.9300,20.3000,20.6100,20.9400,1270032,26207345.0000,5.080128,1,-1.575931,35.734370,4.529936,3.701151,39.169327,0
2018-03-07,sh.603617,20.6000,20.6500,20.4000,20.4900,20.6100,684088,14029040.0000,2.736352,1,-0.582246,35.526309,4.503561,3.679602,38.941266,0
2018-03-08,sh.603617,20.5000,20.9500,20.4200,20.8100,20.4900,1116919,23181630.0000,4.467676,1,1.561736,36.081137,4.573895,3.737067,39.549427,0
2018-03-09,sh.603617,20.7800,21.5800,20.7800,21.4500,20.8100,1777660,37546722.0000,7.110640,1,3.075451,37.190792,4.714563,3.851999,40.765747,0
2018-03-12,sh.603617,21.4500,21.8000,21.3400,21.4500,21.4500,1397300,30043193.0000,5.589200,1,0.000000,37.190792,4.714563,3.851999,40.765747,0
2018-03-13,sh.603617,21.4500,21.4500,20.8500,20.8900,21.4500,982200,20670962.0000,3.928800,1,-2.610729,36.219844,4.591479,3.751434,39.701467,0
2018-03-14,sh.603617,20.8100,21.7900,20.7300,21.5800,20.8900,1634328,34783517.0000,6.537312,1,3.303019,37.416191,4.743136,3.875344,41.012813,0
2018-03-15,sh.603617,21.5800,21.5800,20.1100,20.7200,21.5800,1398700,29097370.0000,5.594800,1,-3.985174,35.925092,4.554114,3.720905,39.378382,0
2018-03-16,sh.603617,20.7100,20.8700,20.4100,20.6200,20.7200,478300,9880055.0000,1.913200,1,-0.482618,35.751708,4.532134,3.702947,39.188332,0
2018-03-19,sh.603617,20.5200,21.6900,20.5100,21.5400,20.6200,888292,18706969.0000,3.553168,1,4.461688,37.346838,4.734344,3.868161,40.936793,0
2018-03-20,sh.603617,21.2000,21.6400,21.0700,21.5600,21.5400,973532,20822272.0000,3.894128,1,0.092844,37.381514,4.738740,3.871753,40.974803,0
2018-03-21,sh.603617,21.5300,22.2300,21.3300,22.1600,21.5600,2646140,57960431.0000,10.584560,1,2.782933,38.421816,4.870616,3.979501,42.115103,0
2018-03-22,sh.603617,21.9200,22.7000,21.9200,22.3400,22.1600,2689524,60067523.0000,10.758096,1,0.812276,38.733907,4.910179,4.011825,42.457193,0
2018-03-23,sh.603617,21.8800,21.8800,20.4000,21.8400,22.3400,2179620,46342140.0000,8.718480,1,-2.238138,37.866989,4.800282,3.922035,41.506943,0
2018-03-26,sh.603617,21.4400,22.4400,20.8000,22.3900,21.8400,1830324,40047114.0000,7.321296,1,2.518312,38.820599,4.921168,4.020804,42.552218,0
2018-03-27,sh.603617,22.8100,22.9000,21.9800,22.2100,22.3900,3308620,73748897.0000,13.234480,1,-0.803932,38.508508,4.881605,3.988480,42.210128,0
2018-03-28,sh.603617,21.7100,22.2000,21.4600,21.5200,22.2100,1295600,28160867.0000,5.182400,1,-3.106703,37.312161,4.729948,3.864569,40.898783,0
2018-03-29,sh.603617,21.7000,22.3200,21.5000,22.2700,21.5200,5591236,123370825.0000,22.364944,1,3.485130,38.612538,4.894793,3.999255,42.324158,0
2018-03-30,sh.603617,22.2500,22.6000,22.0200,22.3300,22.2700,3802295,84949535.0000,15.209180,1,0.269418,38.716568,4.907981,4.010029,42.438188,0
2018-04-02,sh.603617,22.2600,22.6700,22.2500,22.5700,22.3300,2871912,64530313.0000,11.487648,1,1.074786,39.132689,4.960731,4.053129,42.894309,0
2018-04-03,sh.603617,22.3800,23.0100,21.4400,22.5500,22.5700,2503384,56235256.0000,10.013536,1,-0.088615,39.098012,4.956335,4.049537,42.856299,0
2018-04-04,sh.603617,22.5900,24.2200,22.4000,24.0500,22.5500,4285064,100119771.0000,17.140256,1,6.651885,41.698767,5.286025,4.318908,45.707050,0
2018-04-09,sh.603617,23.6000,23.9100,23.0500,23.5600,24.0500,2026156,47703623.0000,8.104624,1,-2.037421,40.849187,5.178326,4.230913,44.775805,0
2018-04-10,sh.603617,23.6100,24.1200,23.1200,23.6800,23.5600,2069932,48882182.0000,8.279728,1,0.509341,41.057248,5.204701,4.252463,45.003865,0
2018-04-11,sh.603617,23.6100,24.2300,23.6100,23.8200,23.6800,1191800,28468064.0000,4.767200,1,0.591214,41.299985,5.235472,4.277604,45.269935,0
2018-04-12,sh.603617,24.4400,24.4600,23.8200,23.9600,23.8200,1561524,37568117.0000,6.246096,1,0.587739,41.542722,5.266243,4.302745,45.536005,0
2018-04-13,sh.603617,23.9600,23.9800,23.5000,23.6800,23.9600,1334569,31637870.0000,5.338276,1,-1.168609,41.057248,5.204701,4.252463,45.003865,0
2018-04-16,sh.603617,23.6300,23.6800,23.0100,23.5000,23.6800,1011928,23623588.0000,4.047712,1,-0.760136,40.745157,5.165139,4.220138,44.661775,0
2018-04-17,sh.603617,23.5000,23.8000,22.6200,23.0600,23.5000,890800,20593819.0000,3.563200,1,-1.872343,39.982269,5.068430,4.141123,43.825554,0
2018-04-18,sh.603617,22.6300,22.9600,21.5100,22.7700,23.0600,1392492,31098411.0000,5.569968,1,-1.257585,40.457203,4.846881,3.939201,30.918589,0
2018-04-19,sh.603617,22.8000,23.5000,22.6100,22.9300,22.7700,1724432,39561788.0000,6.897728,1,0.702678,40.741488,4.880939,3.966881,31.135847,0
2018-04-20,sh.603617,22.9400,22.9400,22.2600,22.5100,22.9300,1066348,24124292.0000,4.265392,1,-1.831662,39.995241,4.791537,3.894222,30.565544,0
2018-04-23,sh.603617,22.2800,22.4800,21.8200,22.3400,22.5100,1129556,25006192.0000,4.518224,1,-0.755220,39.693189,4.755351,3.864812,30.334707,0
2018-04-24,sh.603617,22.2700,23.5900,22.2200,23.2500,22.3400,1694832,39087424.0000,6.779328,1,4.073410,41.310056,4.949056,4.022241,31.570364,0
2018-04-25,sh.603617,23.0400,24.3000,23.0000,23.8300,23.2500,1386132,32670073.0000,5.544528,1,2.494623,42.340587,5.072516,4.122581,32.357926,0
2018-04-26,sh.603617,23.8500,23.9300,23.2700,23.5400,23.8300,932892,21936942.0000,3.731568,1,-1.216949,41.825321,5.010786,4.072411,31.964145,0
2018-04-27,sh.603617,23.5000,23.6000,23.1000,23.2900,23.5400,618560,14420964.0000,2.474240,1,-1.062022,44.243580,4.752491,3.988386,16.595242,0
2018-05-02,sh.603617,23.1100,24.7000,23.0100,24.4400,23.2900,2945032,70035982.0000,11.780128,1,4.937740,46.428214,4.987157,4.185322,17.414672,0
2018-05-03,sh.603617,24.4400,24.9800,24.1500,24.9300,24.4400,2762292,67868687.0000,11.049168,1,2.004909,47.359058,5.087145,4.269234,17.763820,0
2018-05-04,sh.603617,24.5100,25.3000,24.5000,25.1200,24.9300,2194092,54745820.0000,8.776368,1,0.762136,47.719997,5.125916,4.301772,17.899205,0
2018-05-07,sh.603617,25.0000,26.6900,24.8200,26.1300,25.1200,2503749,64914644.0000,10.014996,1,4.020694,49.638676,5.332013,4.474733,18.618878,0
2018-05-08,sh.603617,26.1900,26.4900,25.6500,26.2800,26.1300,2707477,70378391.0000,10.829908,1,0.574059,49.923628,5.362622,4.500420,18.725760,0
2018-05-09,sh.603617,26.0000,26.4000,25.9000,26.2700,26.2800,1015900,26613726.0000,4.063600,1,-0.038053,49.904631,5.360581,4.498708,18.718635,0
2018-05-10,sh.603617,26.3200,26.3200,25.8800,26.2700,26.2700,689200,18001849.0000,2.756800,1,0.000000,49.904631,5.360581,4.498708,18.718635,0
2018-05-11,sh.603617,26.1000,28.4900,26.0900,28.4200,26.2700,3236891,88150099.0000,12.947564,1,8.184239,53.988946,5.799304,4.866893,20.250613,0
2018-05-14,sh.603617,27.9000,28.0000,27.3500,27.8600,28.4200,2117996,58631571.0000,8.471984,1,-1.970441,52.925125,5.685032,4.770993,19.851586,0
2018-05-15,sh.603617,27.7100,28.4000,27.4400,28.1200,27.8600,968100,27163866.0000,3.872400,1,0.933238,53.419042,5.738087,4.815518,20.036848,0
2018-05-16,sh.603617,28.0100,28.1900,27.6600,28.0500,28.1200,1109284,30965071.0000,4.437136,1,-0.248939,53.286064,5.723803,4.803531,19.986970,0
2018-05-17,sh.603617,28.0300,29.0000,27.6000,27.7700,28.0500,4010495,113744393.0000,16.041980,1,-0.998213,52.754153,5.666667,4.755581,19.787457,0
2018-05-18,sh.603617,27.6400,27.6400,26.6500,27.1800,27.7700,1326040,35963107.0000,5.304160,1,-2.124595,51.633341,5.546273,4.654544,19.367053,0
2018-05-21,sh.603617,27.4900,27.9900,27.3000,27.7600,27.1800,2153792,59672153.0000,8.615168,1,2.133922,52.735156,5.664627,4.753869,19.780331,0
2018-05-22,sh.603617,27.7600,28.8800,27.5100,28.8100,27.7600,2777332,78304754.0000,11.109328,1,3.782418,54.729822,5.878887,4.933680,20.528507,0
2018-05-23,sh.603617,28.6400,29.8000,27.9400,29.4700,28.6100,2498281,71706503.0000,9.993124,1,3.005937,55.983612,6.013564,5.046704,20.998788,0
2018-05-24,sh.603617,29.2500,29.4000,28.7500,28.8100,29.4700,1486200,43205027.0000,5.944800,1,-2.239565,54.729822,5.878887,4.933680,20.528507,0
2018-05-25,sh.603617,28.9600,29.0000,28.2000,28.8900,28.8100,1106456,31586246.0000,4.425824,1,0.277681,54.881796,5.895211,4.947380,20.585510,0
2018-05-28,sh.603617,29.0000,30.1600,28.4000,29.4600,28.8900,1438356,41770303.0000,5.753424,1,1.973000,55.964615,6.011524,5.044992,20.991663,0
2018-05-29,sh.603617,29.1700,31.0000,27.3800,29.8000,29.4600,4526100,130400595.0000,18.104400,1,1.154108,56.610507,6.080903,5.103216,21.233929,0
2018-05-30,sh.603617,29.4600,29.5000,26.8200,26.8200,29.8000,11406600,312070623.0000,45.626400,1,-9.999999,50.949456,5.472813,4.592895,19.110536,0
2018-05-31,sh.603617,24.1400,24.1400,24.1400,24.1400,26.8200,550400,13286656.0000,2.201600,1,-9.992544,45.858310,4.925940,4.133948,17.200908,0
2018-06-01,sh.603617,22.1600,25.8800,22.0000,23.6600,24.1400,10137613,233995119.0000,40.550452,1,-1.988399,44.946463,4.827992,4.051748,16.858885,0
2018-06-04,sh.603617,22.8000,22.8000,21.2900,21.4300,23.6600,9616832,209290354.0000,38.467328,1,-9.425189,40.710173,4.372945,3.669863,15.269903,0
2018-06-05,sh.603617,21.3300,22.1900,21.0500,22.0400,21.4300,4913000,106318198.0000,19.652000,1,2.846480,41.868979,4.497420,3.774325,15.704557,0
2018-06-06,sh.603617,22.0400,22.5000,21.8500,22.3700,22.0400,3610036,79958095.0000,14.440144,1,1.497277,42.495874,4.564759,3.830837,15.939698,0
2018-06-07,sh.603617,22.3700,22.4400,21.8000,22.1700,22.3700,3146200,69363211.0000,12.584800,1,-0.894058,42.115937,4.523947,3.796587,15.797188,0
2018-06-08,sh.603617,22.1900,22.3100,21.4600,22.2300,22.1700,2446840,53512705.0000,9.787360,1,0.270634,42.229918,4.536191,3.806862,15.839941,0
2018-06-11,sh.603617,22.0500,22.3100,21.8500,22.1200,22.2300,2436900,53714822.0000,9.747600,1,-0.494821,42.020953,4.513744,3.788025,15.761561,0
2018-06-12,sh.603617,22.1200,22.2700,21.1100,22.1100,22.1200,3534716,76901937.0000,14.138864,1,-0.045209,42.001956,4.511704,3.786312,15.754435,0
2018-06-13,sh.603617,22.1200,22.1200,21.6000,21.6900,22.1100,2765100,60372045.0000,11.060400,1,-1.899593,41.204090,4.426000,3.714388,15.455165,0
2018-06-14,sh.603617,21.7900,21.7900,21.1800,21.2500,21.6900,2411080,51805426.0000,9.644320,1,-2.028587,40.368230,4.336215,3.639038,15.141644,0
2018-06-15,sh.603617,21.4000,21.4000,19.8000,20.6200,21.2500,3795336,77748831.0000,15.181344,1,-2.964702,39.171431,4.207659,3.531152,14.692739,0
2018-06-19,sh.603617,20.4800,20.4800,18.5600,18.5600,20.6200,2834000,54678572.0000,11.336000,1,-9.990307,35.258087,3.787301,3.178379,13.224890,0
2018-06-20,sh.603617,18.5600,19.4000,17.8400,19.0700,18.5600,2950337,54619282.0000,11.801348,1,2.747846,36.226925,3.891370,3.265716,13.588289,0
2018-06-21,sh.603617,19.0500,19.1400,18.0700,18.1600,19.0700,2252612,41945616.0000,9.010448,1,-4.771893,35.130912,3.773640,3.166915,13.177188,0
2018-06-22,sh.603617,17.8200,18.4400,17.7000,18.3700,18.1600,3234068,58793830.0000,12.936272,1,1.156393,35.537162,3.817278,3.203536,13.329567,0
2018-06-25,sh.603617,18.6000,19.2700,18.3900,19.0400,18.3700,3506768,66258510.0000,14.027072,1,3.647251,36.833291,3.956504,3.320377,13.815730,0
2018-06-26,sh.603617,18.6600,19.6600,18.5600,19.4100,19.0400,3740268,71509929.0000,14.961072,1,1.943272,37.549064,4.033390,3.384902,14.084208,0
2018-06-27,sh.603617,20.1000,21.0000,19.9000,19.9500,19.4100,4914424,100138001.0000,19.657696,1,2.782076,38.593706,4.145601,3.479072,14.476041,0
2018-06-28,sh.603617,19.7700,20.3900,19.7000,19.9200,19.9500,3608672,72254941.0000,14.434688,1,-0.150379,38.535670,4.139367,3.473840,14.454272,0
2018-06-29,sh.603617,20.0800,20.3400,19.7100,20.2300,19.9200,3512368,70538501.0000,14.049472,1,1.556222,39.135372,4.203785,3.527901,14.679213,0
2018-07-02,sh.603617,20.1200,20.1600,19.3100,19.7500,20.2300,2446740,48575629.0000,9.786960,1,-2.372711,38.206801,4.104041,3.444194,14.330918,0
2018-07-03,sh.603617,19.9100,21.1400,19.9100,20.7900,19.7500,4652180,95628992.0000,18.608720,1,5.265828,40.218704,4.320153,3.625559,15.085558,0
2018-07-04,sh.603617,20.5000,20.5000,19.6600,19.8700,20.7900,3550240,70828110.0000,14.200960,1,-4.425205,38.438944,4.128977,3.465121,14.417992,0
2018-07-05,sh.603617,19.8700,19.9600,18.5000,18.7100,19.8700,2392292,46106922.0000,9.569168,1,-5.837955,36.194899,3.887930,3.262829,13.576277,0
2018-07-06,sh.603617,18.8900,19.3100,18.3700,19.0200,18.7100,2072300,39296155.0000,8.289200,1,1.656875,36.794601,3.952348,3.316890,13.801218,0
2018-07-09,sh.603617,19.0300,19.5500,19.0100,19.4700,19.0200,1815600,35079934.0000,7.262400,1,2.365925,37.665135,4.045858,3.395365,14.127745,0
2018-07-10,sh.603617,19.3900,19.8600,19.1000,19.7600,19.4700,2081199,40741004.0000,8.324796,1,1.489476,38.226147,4.106119,3.445938,14.338174,0
2018-07-11,sh.603617,19.5000,19.5000,18.6000,19.3200,19.7600,1841339,35258595.0000,7.365356,1,-2.226723,37.374957,4.014688,3.369207,14.018903,0
2018-07-12,sh.603617,19.2000,20.0300,19.2000,19.7900,19.3200,2308966,45626899.0000,9.235864,1,2.432719,38.284182,4.112353,3.451170,14.359942,0
2018-07-13,sh.603617,19.7800,19.9700,19.5800,19.8100,19.7900,1857904,36811598.0000,7.431616,1,0.101054,38.322873,4.116509,3.454657,14.374455,0
2018-07-16,sh.603617,19.6800,19.8900,19.4000,19.7600,19.8100,1118369,21951210.0000,4.473476,1,-0.252394,38.226147,4.106119,3.445938,14.338174,0
2018-07-17,sh.603617,19.6000,19.7700,19.3800,19.7400,19.7600,1244004,24352211.0000,4.976016,1,-0.101217,38.187456,4.101963,3.442450,14.323661,0
2018-07-18,sh.603617,19.7000,20.6900,19.7000,19.9000,19.7400,2649544,53286204.0000,10.598176,1,0.810536,38.496980,4.135211,3.470352,14.439760,0
2018-07-19,sh.603617,20.0600,20.7500,19.7500,20.5900,19.9000,5333187,108814558.0000,21.332748,1,3.467339,39.831799,4.278593,3.590681,14.940435,0
2018-07-20,sh.603617,20.7900,21.8000,20.5900,21.3900,20.5900,6413524,136994599.0000,25.654096,1,3.885378,41.379417,4.444833,3.730193,15.520928,0
2018-07-23,sh.603617,20.7200,21.1500,20.4800,20.9100,21.3900,3688937,76748189.0000,14.755748,1,-2.244037,40.450846,4.345089,3.646486,15.172632,0
2018-07-24,sh.603617,21.0000,21.1900,20.7300,21.0100,20.9100,2856000,59843551.0000,11.424000,1,0.478242,40.644299,4.365869,3.663925,15.245194,0
2018-07-25,sh.603617,20.9000,20.9600,20.3600,20.3900,21.0100,3340000,68666057.0000,13.360000,1,-2.950980,39.444895,4.237033,3.555803,14.795312,0
2018-07-26,sh.603617,20.2600,20.4500,20.0400,20.1100,20.3900,1855800,37422991.0000,7.423200,1,-1.373216,38.903229,4.178849,3.506974,14.592139,0
2018-07-27,sh.603617,20.1100,20.3400,20.0000,20.2500,20.1100,1329169,26844683.0000,5.316676,1,0.696168,39.174062,4.207941,3.531389,14.693726,0
2018-07-30,sh.603617,20.2000,20.3000,19.1200,19.3500,20.2500,1972632,38815694.0000,7.890528,1,-4.444443,37.432993,4.020922,3.374438,14.040671,0
2018-07-31,sh.603617,19.2800,19.5600,19.1900,19.4800,19.3500,1098358,21347829.0000,4.393432,1,0.671830,37.684481,4.047935,3.397109,14.135001,0
2018-08-01,sh.603617,19.5800,19.6000,18.9100,19.0300,19.4800,1161300,22395583.0000,4.645200,1,-2.310056,36.813946,3.954426,3.318634,13.808474,0
2018-08-02,sh.603617,19.0200,19.0200,17.8200,18.2800,19.0300,1893431,34572440.0000,7.573724,1,-3.941145,35.363055,3.798576,3.187841,13.264262,0
2018-08-03,sh.603617,18.3000,18.7500,18.2000,18.3700,18.2800,1111200,20585022.0000,4.444800,1,0.492342,35.537162,3.817278,3.203536,13.329567,0
2018-08-06,sh.603617,18.3000,18.4100,17.8000,17.9800,18.3700,976300,17638347.0000,3.905200,1,-2.123034,34.782698,3.736236,3.135525,13.046577,0
2018-08-07,sh.603617,18.0300,18.6800,17.9100,18.5200,17.9800,989969,18127858.0000,3.959876,1,3.003342,35.827340,3.848448,3.229695,13.438410,0
2018-08-08,sh.603617,18.4000,18.6000,17.9200,17.9400,18.5200,925301,16869286.0000,3.701204,1,-3.131749,34.705317,3.727924,3.128549,13.017553,0
2018-08-09,sh.603617,17.9000,18.4900,17.8300,18.3600,17.9400,1004800,18413864.0000,4.019200,1,2.341137,35.517816,3.815200,3.201793,13.322311,0
2018-08-10,sh.603617,18.3600,18.5400,18.2300,18.4900,18.3600,792300,14576611.0000,3.169200,1,0.708056,35.769304,3.842214,3.224463,13.416641,0
2018-08-13,sh.603617,18.1100,18.5900,18.0400,18.4800,18.4900,785100,14341110.0000,3.140400,1,-0.054085,35.749959,3.840136,3.222719,13.409385,0
2018-08-14,sh.603617,18.4200,18.7800,18.3000,18.6300,18.4800,877900,16282843.0000,3.511600,1,0.811686,36.040137,3.871306,3.248878,13.518228,0
2018-08-15,sh.603617,18.6700,18.6700,18.1200,18.2500,18.6300,794800,14627889.0000,3.179200,1,-2.039716,35.305019,3.792342,3.182610,13.242493,0
2018-08-16,sh.603617,18.1100,20.0800,17.8600,20.0800,18.2500,2518000,48340734.0000,10.072000,1,10.027400,38.845193,4.172615,3.501743,14.570371,0
2018-08-17,sh.603617,19.0800,19.7800,18.6000,18.6600,20.0800,3326800,64009807.0000,13.307200,1,-7.071713,36.098173,3.877540,3.254109,13.539996,0
2018-08-20,sh.603617,18.1000,18.4500,17.8000,18.3900,18.6600,1988058,36106395.0000,7.952232,1,-1.446948,35.575852,3.821434,3.207024,13.344080,0
2018-08-21,sh.603617,18.3000,18.5300,18.0900,18.3600,18.3900,1403572,25699250.0000,5.614288,1,-0.163126,35.517816,3.815200,3.201793,13.322311,0
2018-08-22,sh.603617,18.3500,18.4300,17.9100,17.9500,18.3600,1271200,22999833.0000,5.084800,1,-2.233115,34.724662,3.730002,3.130293,13.024809,0
2018-08-23,sh.603617,17.9500,18.2500,17.9100,18.0600,17.9500,895900,16216490.0000,3.583600,1,0.612806,34.937460,3.752860,3.149476,13.104626,0
2018-08-24,sh.603617,18.0700,18.1900,17.9200,17.9700,18.0600,733100,13232148.0000,2.932400,1,-0.498340,34.763353,3.734158,3.133781,13.039321,0
2018-08-27,sh.603617,18.0400,18.3800,17.9900,18.3300,17.9700,1042600,19016693.0000,4.170400,1,2.003342,35.459781,3.808966,3.196561,13.300543,0
2018-08-28,sh.603617,18.3600,18.5000,18.1600,18.3800,18.3300,1363500,24993741.0000,5.454000,1,0.272773,30.405636,3.788803,3.111173,-12.577569,0
2018-08-29,sh.603617,18.4000,18.4000,18.1500,18.2200,18.3800,861000,15697438.0000,3.444000,1,-0.870511,30.140951,3.755821,3.084090,-12.468080,0
2018-08-30,sh.603617,18.2200,18.2700,17.8700,17.8800,18.2200,965000,17394633.0000,3.860000,1,-1.866082,29.578496,3.685734,3.026538,-12.235415,0
2018-08-31,sh.603617,17.8200,18.2900,17.5100,17.8100,17.8800,1403600,25118722.0000,5.614400,1,-0.391497,29.462697,3.671305,3.014690,-12.187514,0
2018-09-03,sh.603617,17.5500,17.7400,17.3300,17.5800,17.8100,1168800,20474853.0000,4.675200,1,-1.291407,29.082213,3.623893,2.975758,-12.030123,0
2018-09-04,sh.603617,17.5800,17.9300,17.5800,17.9200,17.5800,1224400,21792947.0000,4.897600,1,1.934017,29.644668,3.693980,3.033309,-12.262788,0
2018-09-05,sh.603617,17.8000,18.1500,17.7000,17.7200,17.9200,1202800,21509474.0000,4.811200,1,-1.116076,29.313812,3.652752,2.999455,-12.125926,0
2018-09-06,sh.603617,17.7500,17.9900,17.5800,17.8800,17.7200,999532,17788333.0000,3.998128,1,0.902934,29.578496,3.685734,3.026538,-12.235415,0
2018-09-07,sh.603617,18.0700,18.6700,18.0700,18.2500,17.8800,2744796,50310347.0000,10.979184,1,2.069356,30.190579,3.762005,3.089168,-12.488609,0
2018-09-10,sh.603617,18.0800,18.0800,17.6600,17.6700,18.2500,1349900,24101405.0000,5.399600,1,-3.178082,29.231098,3.642445,2.990992,-12.091711,0
2018-09-11,sh.603617,17.5900,18.2400,17.5900,18.0300,17.6700,1163200,20839001.0000,4.652800,1,2.037355,29.826638,3.716655,3.051929,-12.338061,0
2018-09-12,sh.603617,18.1900,18.6500,18.0100,18.5000,18.0300,2613300,48070287.0000,10.453200,1,2.606763,30.604149,3.813539,3.131485,-12.659686,0
2018-09-13,sh.603617,18.5100,18.5700,18.0000,18.2000,18.5000,2087192,37969180.0000,8.348768,1,-1.621618,30.107866,3.751698,3.080705,-12.454394,0
2018-09-14,sh.603617,18.2100,18.2400,17.7300,17.8000,18.2000,1246792,22400911.0000,4.987168,1,-2.197810,29.446154,3.669243,3.012997,-12.180671,0
2018-09-17,sh.603617,17.7900,17.7900,17.3000,17.3500,17.8000,902300,15765015.0000,3.609200,1,-2.528084,28.701729,3.576481,2.936826,-11.872732,0
2018-09-18,sh.603617,16.8000,16.9100,16.1100,16.7200,17.3500,2092192,34608046.0000,8.368768,1,-3.631130,27.659534,3.446615,2.830186,-11.441619,0
2018-09-19,sh.603617,16.6700,17.0900,16.4300,16.7700,16.7200,1429992,23942904.0000,5.719968,1,0.299050,27.742248,3.456922,2.838649,-11.475834,0
2018-09-20,sh.603617,16.8500,16.9700,16.6600,16.6900,16.7700,785800,13187824.0000,3.143200,1,-0.477042,27.609905,3.440431,2.825108,-11.421090,0
2018-09-21,sh.603617,16.6800,16.8800,16.5600,16.8100,16.6900,867964,14512214.0000,3.471856,1,0.718987,27.808419,3.465167,2.845420,-11.503206,0
2018-09-25,sh.603617,16.8000,16.9900,16.7600,16.8800,16.8100,638500,10779482.0000,2.097776,1,0.416417,27.924218,3.479597,2.857269,-11.551108,0
2018-09-26,sh.603617,16.9000,17.0300,16.8200,16.9200,16.8800,618900,10483965.0000,2.033380,1,0.236972,27.990389,3.487842,2.864040,-11.578480,0
2018-09-27,sh.603617,16.9400,16.9600,16.4000,16.4100,16.9200,724300,12068914.0000,2.379669,1,-3.014186,27.146707,3.382712,2.777712,-11.229483,0
2018-09-28,sh.603617,16.4500,16.5800,16.4100,16.5600,16.4100,621200,10246609.0000,2.040937,1,0.914075,27.394849,3.413633,2.803103,-11.332130,0
2018-10-08,sh.603617,16.4700,16.4800,16.0100,16.2600,16.5600,710300,11494091.0000,2.333673,1,-1.811590,26.898566,3.351792,2.752322,-11.126837,0
2018-10-09,sh.603617,16.3100,16.8400,16.1000,16.5500,16.2600,1019632,16823513.0000,3.349975,1,1.783512,27.378306,3.411572,2.801410,-11.325286,0
2018-10-10,sh.603617,16.6000,16.7700,16.4300,16.7200,16.5500,826232,13745238.0000,2.714565,1,1.027191,27.659534,3.446615,2.830186,-11.441619,0
2018-10-11,sh.603617,16.1500,16.2500,15.1200,15.3200,16.7200,1268132,19958873.0000,4.166416,1,-8.373204,25.343544,3.158023,2.593208,-10.483588,0
2018-10-12,sh.603617,15.2000,16.0700,15.1100,15.8600,15.3200,1349524,21212225.0000,4.433827,1,3.524804,26.236854,3.269337,2.684614,-10.853114,0
2018-10-15,sh.603617,15.7500,16.0800,15.7000,16.0700,15.8600,642232,10215587.0000,2.110037,1,1.324086,26.584253,3.312626,2.720161,-10.996819,0
2018-10-16,sh.603617,16.0500,16.0500,15.2500,15.6900,16.0700,801800,12508582.0000,2.634294,1,-2.364655,25.955627,3.234294,2.655838,-10.736782,0
2018-10-17,sh.603617,15.7400,16.0500,15.3500,15.9000,15.6900,690100,10891517.0000,2.267306,1,1.338432,26.303025,3.277582,2.691385,-10.880487,0
2018-10-18,sh.603617,15.9900,16.3000,15.6200,15.9400,15.9000,1172400,18778515.0000,3.851891,1,0.251572,26.369197,3.285828,2.698156,-10.907859,0
2018-10-19,sh.603617,15.6000,16.1300,15.2100,16.0700,15.9400,970300,15306931.0000,3.187896,1,0.815559,26.584253,3.312626,2.720161,-10.996819,0
2018-10-22,sh.603617,16.0900,17.3500,16.0900,17.3000,16.0700,1914100,32226587.0000,6.288728,1,7.654011,28.619015,3.566175,2.928362,-11.838517,0
2018-10-23,sh.603617,17.3000,17.3000,16.7400,17.2500,17.3000,996600,16956298.0000,3.274304,1,-0.289013,28.536301,3.555868,2.919899,-11.804302,0
2018-10-24,sh.603617,17.2400,17.2800,16.8300,16.9900,17.2500,949600,16170030.0000,3.119887,1,-1.507248,28.106189,3.502272,2.875889,-11.626382,0
2018-10-25,sh.603617,16.6900,16.8800,16.4500,16.8800,16.9900,995800,16631839.0000,3.271676,1,-0.647443,27.924218,3.479597,2.857269,-11.551108,0
2018-10-26,sh.603617,17.3800,17.3800,16.8000,17.0500,16.8800,1411800,24022823.0000,4.638433,1,1.007110,28.205445,3.514640,2.886045,-11.667440,0
2018-10-29,sh.603617,17.1300,17.3000,16.6300,16.9000,17.0500,854800,14481410.0000,2.808424,1,-0.879763,27.957304,3.483720,2.860654,-11.564794,0
2018-10-30,sh.603617,17.3000,17.3000,16.8400,17.0800,16.9000,1324400,22606321.0000,4.351283,1,1.065091,24.770268,3.417638,2.816653,17.745444,0
2018-10-31,sh.603617,17.1500,17.3600,16.9000,17.1500,17.0800,2383800,40937035.0000,7.831915,1,0.409834,24.871786,3.431645,2.828197,17.818171,0
2018-11-01,sh.603617,17.3000,17.3000,16.9400,17.1000,17.1500,1672500,28610854.0000,5.494957,1,-0.291541,24.799273,3.421640,2.819951,17.766223,0
2018-11-02,sh.603617,17.2800,17.2800,17.0000,17.2300,17.1000,1496100,25651423.0000,4.915399,1,0.760229,24.987806,3.447652,2.841390,17.901288,0
2018-11-05,sh.603617,17.2800,17.5100,17.0700,17.4000,17.2300,1571300,27154541.0000,5.162467,1,0.986652,25.234348,3.481668,2.869424,18.077911,0
2018-11-06,sh.603617,17.4000,17.4000,16.8100,17.1600,17.4000,1081000,18484206.0000,3.551598,1,-1.379309,24.886288,3.433645,2.829846,17.828561,0
2018-11-07,sh.603617,17.2700,17.2700,17.0200,17.1600,17.1600,802700,13774036.0000,2.637251,1,0.000000,24.886288,3.433645,2.829846,17.828561,0
2018-11-08,sh.603617,17.1600,18.3000,17.1500,17.2500,17.1600,2141286,37599976.0000,7.035141,1,0.524476,25.016811,3.451654,2.844688,17.922067,0
2018-11-09,sh.603617,17.5100,17.5100,17.0500,17.1200,17.2500,1509586,26010590.0000,4.959707,1,-0.753618,24.828278,3.425642,2.823250,17.787003,0
2018-11-12,sh.603617,17.0600,17.4800,17.0500,17.4000,17.1200,1169592,20207427.0000,3.842665,1,1.635507,25.234348,3.481668,2.869424,18.077911,0
2018-11-13,sh.603617,17.2000,17.5800,17.1600,17.5400,17.4000,1846719,32135031.0000,6.067349,1,0.804605,25.437383,3.509682,2.892512,18.223366,0
2018-11-14,sh.603617,17.5300,17.9800,17.4000,17.7600,17.5400,1966300,34659157.0000,6.460229,1,1.254272,25.756438,3.553703,2.928792,18.451937,0
2018-11-15,sh.603617,17.7900,18.5700,17.5000,18.3600,17.7600,3049719,55276343.0000,10.019775,1,3.378381,26.626588,3.673761,3.027737,19.075313,0
2018-11-16,sh.603617,18.4600,19.1100,18.2100,18.6900,18.3600,2895351,53900495.0000,9.512603,1,1.797385,27.105171,3.739792,3.082157,19.418170,0
2018-11-19,sh.603617,18.5600,18.7400,18.3200,18.5600,18.6900,1193692,22097199.0000,3.921845,1,-0.695565,26.916638,3.713780,3.060719,19.283106,0
2018-11-20,sh.603617,18.4000,18.4000,17.7200,17.8500,18.5600,1453800,26262546.0000,4.776423,1,-3.825426,25.886961,3.571712,2.943634,18.545444,0
2018-11-21,sh.603617,17.5600,17.9500,17.5100,17.9200,17.8500,965992,17154885.0000,3.173742,1,0.392155,25.988478,3.585718,2.955177,18.618171,0
2018-11-22,sh.603617,18.0000,18.0800,17.7800,17.9100,17.9200,770700,13795761.0000,2.532116,1,-0.055805,25.973976,3.583717,2.953528,18.607781,0
2018-11-23,sh.603617,17.8800,17.9200,17.1000,17.3900,17.9100,1623578,28313521.0000,5.334225,1,-2.903409,25.219846,3.479668,2.867775,18.067522,0
2018-11-26,sh.603617,17.3000,17.7000,16.9500,17.0500,17.3900,767600,13150949.0000,2.521931,1,-1.955148,24.726761,3.411635,2.811706,17.714275,0
2018-11-27,sh.603617,17.1100,18.1000,16.9500,18.1000,17.0500,2577440,45695537.0000,8.468114,1,6.158365,26.249523,3.621736,2.984861,18.805184,0
2018-11-28,sh.603617,18.0300,18.7000,17.7000,18.5500,18.1000,2318300,42590898.0000,7.616716,1,2.486181,26.902136,3.711779,3.059070,19.272716,0
2018-11-29,sh.603617,18.0900,20.4100,18.0900,20.4100,18.5500,7704459,155358046.0000,25.312807,1,10.026960,29.599600,4.083957,3.365802,21.205182,0
2018-11-30,sh.603617,20.3400,22.4500,20.1600,21.5300,20.4100,8487979,182327064.0000,27.887042,1,5.487510,31.223880,4.308065,3.550500,22.368818,0
2018-12-03,sh.603617,21.5300,22.0800,20.6000,21.0300,21.5300,8446255,177486824.0000,27.749959,1,-2.322341,30.498755,4.208017,3.468046,21.849338,0
2018-12-04,sh.603617,21.0300,21.0300,19.4700,19.7100,21.0300,8143590,162579920.0000,26.755561,1,-6.276755,28.584425,3.943890,3.250365,20.477910,0
2018-12-05,sh.603617,19.2000,19.3000,18.4800,18.8300,19.7100,7658500,144048173.0000,25.161810,1,-4.464735,27.308206,3.767806,3.105245,19.563625,0
2018-12-06,sh.603617,18.7000,18.7500,17.9300,17.9900,18.8300,4703709,86125404.0000,15.978087,1,-4.460968,26.089996,3.599725,2.966721,18.690898,0
2018-12-07,sh.603617,17.9600,18.1400,17.8100,17.9800,17.9900,2439524,43944172.0000,8.286849,1,-0.055588,26.075493,3.597724,2.965072,18.680508,0
2018-12-10,sh.603617,17.8000,18.1000,17.6000,18.0500,17.9800,1969278,35226838.0000,6.689464,1,0.389320,26.177011,3.611731,2.976615,18.753236,0
2018-12-11,sh.603617,18.0600,18.1000,17.8300,17.9800,18.0500,1593678,28599379.0000,5.413584,1,-0.387810,26.075493,3.597724,2.965072,18.680508,0
2018-12-12,sh.603617,18.0200,18.0200,17.8100,17.9800,17.9800,1621000,29072217.0000,5.506395,1,0.000000,26.075493,3.597724,2.965072,18.680508,0
2018-12-13,sh.603617,17.9800,18.0900,17.7600,17.8800,17.9800,1851156,33202759.0000,6.288214,1,-0.556176,25.930468,3.577715,2.948581,18.576612,0
2018-12-14,sh.603617,17.8700,17.8700,17.0100,17.0800,17.8800,2549324,44483000.0000,8.659830,1,-4.474269,24.770268,3.417638,2.816653,17.745444,0
2018-12-17,sh.603617,17.0800,17.1800,16.8900,17.1700,17.0800,1219892,20779561.0000,4.143866,1,0.526933,24.900791,3.435646,2.831495,17.838951,0
2018-12-18,sh.603617,17.0000,17.1200,16.8300,16.9000,17.1700,1335492,22657420.0000,4.536549,1,-1.572513,24.509223,3.381621,2.786970,17.558431,0
2018-12-19,sh.603617,17.0000,17.0600,16.7800,16.8100,16.9000,1087692,18405172.0000,3.694794,1,-0.532545,24.378701,3.363612,2.772128,17.464925,0
2018-12-20,sh.603617,16.7100,16.9700,16.6900,16.9200,16.8100,699192,11808310.0000,2.375094,1,0.654376,24.538228,3.385622,2.790268,17.579210,0
2018-12-21,sh.603617,16.8400,16.9700,16.7200,16.8400,16.9200,736592,12403577.0000,2.502138,1,-0.472813,24.422208,3.369615,2.777075,17.496094,0
2018-12-24,sh.603617,16.7500,17.1400,16.7500,17.1300,16.8400,1031400,17565754.0000,3.503575,1,1.722084,24.842781,3.427643,2.824899,17.797392,0
2018-12-25,sh.603617,16.9900,17.0000,16.4200,16.8500,17.1300,1252499,20961063.0000,4.254629,1,-1.634552,24.436711,3.371616,2.778724,17.506483,0
2018-12-26,sh.603617,16.8400,16.9700,16.8000,16.8600,16.8500,812200,13703224.0000,2.758972,1,0.059349,24.451213,3.373617,2.780373,17.516873,0
2018-12-27,sh.603617,17.0500,17.2200,16.9300,16.9300,16.8600,1528500,26103619.0000,5.192180,1,0.415182,24.552731,3.387623,2.791917,17.589600,0
2018-12-28,sh.603617,16.9900,17.0000,16.6000,16.6000,16.9300,931700,15615695.0000,3.164903,1,-1.949202,24.074148,3.321592,2.737497,17.246743,0
2019-01-02,sh.603617,16.5500,16.6700,16.4500,16.4500,16.6000,809800,13396273.0000,2.750820,1,-0.903612,23.856611,3.291577,2.712760,17.090899,0
2019-01-03,sh.603617,16.4900,16.6700,16.2500,16.2500,16.4500,664500,10931584.0000,2.257248,1,-1.215810,23.566561,3.251558,2.679778,16.883107,0
2019-01-04,sh.603617,16.1800,16.6300,16.0600,16.5600,16.2500,1350600,22196516.0000,4.587870,1,1.907689,24.016138,3.313588,2.730900,17.205185,0
2019-01-07,sh.603617,16.6500,16.9300,16.6500,16.8100,16.5600,1097200,18442764.0000,3.727092,1,1.509662,24.378701,3.363612,2.772128,17.464925,0
2019-01-08,sh.603617,16.8300,16.8900,16.7100,16.8500,16.8100,900700,15130058.0000,3.059599,1,0.237959,24.436711,3.371616,2.778724,17.506483,0
2019-01-09,sh.603617,16.8800,17.2100,16.8000,16.8300,16.8500,1138600,19344472.0000,3.867724,1,-0.118697,24.407706,3.367614,2.775426,17.485704,0
2019-01-10,sh.603617,16.8500,16.9300,16.7300,16.7600,16.8300,938700,15790015.0000,3.188681,1,-0.415922,24.306188,3.353607,2.763882,17.412977,0
2019-01-11,sh.603617,16.7600,16.9700,16.6500,16.9300,16.7600,978400,16462204.0000,3.323539,1,1.014320,24.552731,3.387623,2.791917,17.589600,0
2019-01-14,sh.603617,16.9400,16.9800,16.7000,16.7200,16.9300,791800,13295106.0000,2.689675,1,-1.240407,24.248178,3.345603,2.757286,17.371418,0
2019-01-15,sh.603617,16.6700,16.9500,16.6500,16.9100,16.7200,967900,16318943.0000,3.287871,1,1.136367,24.523726,3.383622,2.788619,17.568821,0
2019-01-16,sh.603617,16.8800,17.1400,16.8800,17.0900,16.9100,1096800,18686918.0000,3.725733,1,1.064461,24.784771,3.419639,2.818302,17.755834,0
2019-01-17,sh.603617,17.0600,17.1100,16.6600,16.6900,17.0900,1086300,18322377.0000,3.690066,1,-2.340548,24.204671,3.339600,2.752339,17.340250,0
2019-01-18,sh.603617,16.7800,16.8800,16.7100,16.8400,16.6900,599400,10073007.0000,2.036109,1,0.898739,24.422208,3.369615,2.777075,17.496094,0
2019-01-21,sh.603617,16.8400,17.0200,16.8000,16.9200,16.8400,861100,14584293.0000,2.925081,1,0.475059,24.538228,3.385622,2.790268,17.579210,0
2019-01-22,sh.603617,17.0200,17.0300,16.8000,16.9100,16.9200,745600,12581196.0000,2.532738,1,-0.059103,24.523726,3.383622,2.788619,17.568821,0
2019-01-23,sh.603617,16.9400,16.9700,16.7600,16.8700,16.9100,720800,12135526.0000,2.448494,1,-0.236541,24.465716,3.375618,2.782022,17.527262,0
2019-01-24,sh.603617,17.0000,17.1500,16.9400,17.0400,16.8700,1177200,20056676.0000,3.998845,1,1.007706,24.712258,3.409634,2.810057,17.703886,0
2019-01-25,sh.603617,17.0800,17.1100,16.9200,16.9400,17.0400,1038200,17686356.0000,3.526674,1,-0.586857,24.567233,3.389624,2.793566,17.599990,0
2019-01-28,sh.603617,17.0000,17.1500,16.7500,16.8000,16.9400,706000,11982285.0000,2.398220,1,-0.826454,24.364198,3.361611,2.770479,17.454535,0
2019-01-29,sh.603617,16.7800,16.8200,16.1100,16.4900,16.8000,872792,14354671.0000,2.964798,1,-1.845235,23.914621,3.299581,2.719357,17.132457,0
2019-01-30,sh.603617,16.4900,16.6500,16.3300,16.3600,16.4900,547200,9035456.0000,1.858790,1,-0.788351,23.726088,3.273569,2.697918,16.997393,0
2019-01-31,sh.603617,16.5600,17.1200,16.4000,16.4400,16.3600,1938892,32495242.0000,6.586246,1,0.488997,23.842108,3.289576,2.711111,17.080509,0
2019-02-01,sh.603617,16.3100,16.6700,16.3100,16.6300,16.4400,1241100,20494542.0000,4.215908,1,1.155709,24.117656,3.327595,2.742444,17.277912,0
2019-02-11,sh.603617,16.6100,17.0300,16.6100,17.0200,16.6300,1189755,20042884.0000,4.041493,1,2.345167,24.683253,3.405632,2.806759,17.683106,0
2019-02-12,sh.603617,17.0000,17.3600,16.9400,17.2000,17.0200,1676700,28741713.0000,5.695603,1,1.057581,24.944298,3.441649,2.836442,17.870119,0
2019-02-13,sh.603617,17.1100,17.5800,17.1100,17.3900,17.2000,2164755,37558896.0000,7.353483,1,1.104643,25.219846,3.479668,2.867775,18.067522,0
2019-02-14,sh.603617,17.3500,17.4800,17.2600,17.3500,17.3900,1448855,25168939.0000,4.921633,1,-0.230012,25.161836,3.471664,2.861179,18.025963,0
2019-02-15,sh.603617,17.3900,17.5600,17.2200,17.4500,17.3500,1818400,31579661.0000,6.176945,1,0.576371,25.306861,3.491673,2.877670,18.129859,0
2019-02-18,sh.603617,17.4400,17.8700,17.4400,17.8400,17.4500,1857992,32870917.0000,6.311436,1,2.234953,25.872458,3.569711,2.941984,18.535054,0
2019-02-19,sh.603617,17.7900,17.9400,17.5500,17.6800,17.8400,1717600,30433746.0000,5.834536,1,-0.896860,25.640418,3.537695,2.915599,18.368820,0
2019-02-20,sh.603617,17.5900,17.7800,17.4800,17.7200,17.6800,1189455,20979515.0000,4.040474,1,0.226239,25.698428,3.545699,2.922195,18.410379,0
2019-02-21,sh.603617,17.7000,17.9200,17.5200,17.5400,17.7200,1841692,32674858.0000,6.256066,1,-1.015792,25.437383,3.509682,2.892512,18.223366,0
2019-02-22,sh.603617,17.5000,17.8900,17.4700,17.8400,17.5400,1631200,28951390.0000,5.541043,1,1.710372,25.872458,3.569711,2.941984,18.535054,0
2019-02-25,sh.603617,18.0000,18.5500,17.8800,18.4600,17.8400,3180600,57870433.0000,10.804219,1,3.475330,26.771613,3.693770,3.044228,19.179209,0
2019-02-26,sh.603617,18.5000,18.6000,18.0300,18.2300,18.4600,2700592,49447728.0000,9.173674,1,-1.245935,26.438056,3.647748,3.006299,18.940249,0
2019-02-27,sh.603617,18.1900,18.3800,17.8500,18.0600,18.2300,2298126,41713639.0000,7.806532,1,-0.932529,26.191513,3.613732,2.978265,18.763625,0
2019-02-28,sh.603617,18.1500,18.3200,18.0500,18.3200,18.0600,1641592,29806428.0000,5.576344,1,1.439647,26.568578,3.665757,3.021141,19.033755,0
2019-03-01,sh.603617,18.3900,18.5000,18.2200,18.3700,18.3200,1552302,28501165.0000,5.273034,1,0.272932,26.641091,3.675762,3.029386,19.085703,0
2019-03-04,sh.603617,18.3900,18.7300,18.3300,18.4500,18.3700,2678100,49549316.0000,9.097271,1,0.435492,26.757111,3.691769,3.042579,19.168820,0
2019-03-05,sh.603617,18.2700,18.6700,18.2700,18.6500,18.4500,1860501,34387304.0000,6.319959,1,1.084005,27.047161,3.731788,3.075561,19.376612,0
2019-03-06,sh.603617,18.7000,19.0900,18.5100,19.0500,18.6500,3210449,60307582.0000,10.905613,1,2.144770,27.627260,3.811827,3.141525,19.792196,0
2019-03-07,sh.603617,18.8900,19.3700,18.7900,19.1500,19.0500,2817864,53780654.0000,9.572037,1,0.524936,27.772285,3.831836,3.158016,19.896092,0
2019-03-08,sh.603617,18.9000,19.0700,18.0000,18.1000,19.1500,2725100,50762827.0000,9.256925,1,-5.483025,26.249523,3.621736,2.984861,18.805184,0
2019-03-11,sh.603617,18.2300,18.7000,18.2300,18.7000,18.1000,1915624,35426572.0000,6.507207,1,3.314919,27.119673,3.741793,3.083807,19.428560,0
2019-03-12,sh.603617,18.8200,19.2500,18.6000,18.9500,18.7000,2661340,50482668.0000,9.040338,1,1.336898,27.482236,3.791817,3.125034,19.688300,0
2019-03-13,sh.603617,18.9600,19.1900,18.6400,18.7800,18.9500,2258278,42668857.0000,7.671172,1,-0.897098,27.235693,3.757801,3.096999,19.511677,0
2019-03-14,sh.603617,18.8700,18.9900,18.1800,18.3900,18.7800,1933178,35716087.0000,6.566836,1,-2.076684,26.670096,3.679763,3.032685,19.106482,0
2019-03-15,sh.603617,18.3900,18.7800,18.3700,18.7700,18.3900,1745733,32493195.0000,5.930102,1,2.066346,27.221191,3.755800,3.095350,19.501287,0
2019-03-18,sh.603617,18.8900,19.2300,18.7000,19.1700,18.7700,2375734,45246641.0000,8.070160,1,2.131058,27.801290,3.835838,3.161314,19.916871,0
2019-03-19,sh.603617,19.1700,20.4500,19.1700,19.7400,19.1700,3800093,75652091.0000,12.908582,1,2.973394,28.627933,3.949893,3.255312,20.509079,0
2019-03-20,sh.603617,19.7000,19.8800,19.3000,19.6500,19.7400,2327888,45580498.0000,7.907631,1,-0.455928,28.497410,3.931884,3.240471,20.415572,0
2019-03-21,sh.603617,19.6500,20.4800,19.5200,19.9200,19.6500,2859724,56828638.0000,9.714231,1,1.374048,28.876212,3.984149,3.283544,20.686946,0
2019-03-22,sh.603617,19.9200,20.3400,19.7800,20.1800,19.9200,2100284,42094290.0000,6.900430,1,1.305222,29.253110,4.036151,3.326402,20.956957,0
2019-03-25,sh.603617,19.8900,20.1600,19.7000,19.7300,20.1800,1693100,33648754.0000,5.562638,1,-2.229934,28.600786,3.946147,3.252226,20.489631,0
2019-03-26,sh.603617,19.7200,19.8400,19.3700,19.3700,19.7300,1853085,36231070.0000,6.088264,1,-1.824626,28.078927,3.874145,3.192884,20.115770,0
2019-03-27,sh.603617,19.4300,19.5800,19.1800,19.5400,19.3700,1315800,25515904.0000,4.323028,1,0.877646,28.325361,3.908146,3.220907,20.292316,0
2019-03-28,sh.603617,19.5400,19.5700,19.1800,19.3000,19.5400,1046800,20277121.0000,3.439235,1,-1.228258,27.977454,3.860144,3.181346,20.043075,0
2019-03-29,sh.603617,19.4400,19.6600,19.1000,19.5800,19.3000,1234592,23944237.0000,4.056221,1,1.450781,28.383345,3.916146,3.227500,20.333856,0
2019-04-01,sh.603617,19.6500,20.0500,19.6000,20.0400,19.5800,1514500,30156467.0000,4.975852,1,2.349341,29.050165,4.008150,3.303325,20.811566,0
2019-04-02,sh.603617,20.1200,20.1200,19.7800,19.9000,20.0400,1346800,26801255.0000,4.424878,1,-0.698609,28.847220,3.980149,3.280248,20.666176,0
2019-04-03,sh.603617,19.9000,20.3500,19.8300,20.2800,19.9000,1866738,37566280.0000,6.133121,1,1.909553,29.398071,4.056151,3.342886,21.060807,0
2019-04-04,sh.603617,20.2300,20.8000,19.8800,19.9700,20.2800,1997500,40280540.0000,6.562736,1,-1.528606,28.948692,3.994149,3.291786,20.738871,0
2019-04-08,sh.603617,20.1400,20.1600,19.5200,19.6500,19.9700,1825392,36089197.0000,5.997280,1,-1.602402,28.484818,3.930147,3.239039,20.406551,0
2019-04-09,sh.603617,19.6800,19.9500,19.5700,19.9300,19.6500,1185893,23412810.0000,3.896222,1,1.424940,28.890708,3.986149,3.285193,20.697331,0
2019-04-10,sh.603617,19.8600,20.2300,19.7200,20.2200,19.9300,1878600,37704142.0000,6.172093,1,1.455088,29.311095,4.044151,3.332995,20.998497,0
2019-04-11,sh.603617,20.2200,20.2700,19.7800,19.8400,20.2200,1481304,29607913.0000,4.866787,1,-1.879323,28.760243,3.968148,3.270358,20.603866,0
2019-04-12,sh.603617,19.8400,20.0400,19.7700,20.0000,19.8400,884178,17585604.0000,2.904945,1,0.806451,28.992181,4.000149,3.296731,20.770026,0
2019-04-15,sh.603617,20.0500,20.3000,19.5200,19.6700,20.0000,1479000,29552929.0000,4.859217,1,-1.650000,28.513810,3.934147,3.242335,20.427321,0
2019-04-16,sh.603617,19.5400,19.8300,19.2500,19.7800,19.6700,1241392,24220533.0000,4.078562,1,0.559230,28.673267,3.956148,3.260467,20.541556,0
2019-04-17,sh.603617,19.7800,20.0200,19.7100,19.8600,19.7800,900200,17893765.0000,2.957585,1,0.404448,28.789235,3.972148,3.273654,20.624636,0
2019-04-18,sh.603617,19.8700,20.1300,19.8200,19.8800,19.8600,1127396,22454973.0000,3.704031,1,0.100698,28.818228,3.976148,3.276951,20.645406,0
2019-04-19,sh.603617,19.8800,20.5000,19.6600,20.4200,19.8800,2293780,46195040.0000,7.536157,1,2.716302,29.601017,4.084153,3.365963,21.206197,0
2019-04-22,sh.603617,20.2800,22.4000,20.1500,21.3900,20.4200,5307360,112542099.0000,17.437198,1,4.750241,31.007137,4.278160,3.525854,22.213543,0
2019-04-23,sh.603617,21.4100,22.0000,21.0500,21.7300,21.3900,3521052,75870246.0000,11.568328,1,1.589529,31.500004,4.346162,3.581899,22.566634,0
2019-04-24,sh.603617,21.6100,22.8600,21.6000,22.6000,21.7300,4028540,89803610.0000,13.235667,1,4.003685,32.761164,4.520169,3.725306,23.470130,0
2019-04-25,sh.603617,22.0900,23.2000,21.8600,22.5000,22.6000,5750505,128974475.0000,18.893140,1,-0.442480,32.441207,4.168715,3.468177,59.565443,0
2019-04-26,sh.603617,22.2100,24.6600,21.5600,23.5000,22.5000,6659084,152530104.0000,21.878253,1,4.444445,33.883039,4.353992,3.622318,62.212796,0
2019-04-29,sh.603617,23.1500,23.3800,21.3000,22.2700,23.5000,4026900,90295275.0000,13.230279,1,-5.234041,32.109586,4.126102,3.432724,58.956551,0
2019-04-30,sh.603617,21.8100,23.8100,21.6100,23.3000,22.2700,4894892,112044812.0000,16.082045,1,4.625051,33.594672,4.316936,3.591490,61.683325,0
2019-05-06,sh.603617,22.6600,23.1700,21.8300,22.3500,23.3000,2783940,62160555.0000,9.146565,1,-4.077248,32.224932,4.140924,3.445055,59.168340,0
2019-05-07,sh.603617,22.3000,22.8100,21.2900,22.3400,22.3500,2613887,57410473.0000,8.587860,1,-0.044744,32.210514,4.139071,3.443514,59.141866,0
2019-05-08,sh.603617,21.8100,22.6500,21.3300,21.8900,22.3400,1641471,36372244.0000,5.393012,1,-2.014328,31.561690,4.055697,3.374151,57.950557,0
2019-05-09,sh.603617,21.5000,21.8900,21.3000,21.4500,21.8900,1351532,29009595.0000,4.440424,1,-2.010044,30.927284,3.974175,3.306328,56.785722,0
2019-05-10,sh.603617,21.5500,22.9900,21.3500,22.3500,21.4500,2960051,65964915.0000,9.725173,1,4.195802,32.224932,4.140924,3.445055,59.168340,0
2019-05-13,sh.603617,22.3400,22.4900,22.0500,22.2700,22.3500,1472492,32701969.0000,4.837836,1,-0.357942,32.109586,4.126102,3.432724,58.956551,0
2019-05-14,sh.603617,22.0000,22.6300,21.5000,22.1000,22.2700,2051500,45108117.0000,6.740152,1,-0.763359,31.864475,4.094605,3.406520,58.506501,0
2019-05-15,sh.603617,22.0800,22.6900,21.8600,22.6300,22.1000,2045996,45795432.0000,6.722069,1,2.398185,32.628645,4.192801,3.488215,59.909598,0
2019-05-16,sh.603617,22.8300,23.0600,22.3200,22.5900,22.6300,1554732,35119031.0000,5.108033,1,-0.176752,32.570972,4.185390,3.482049,59.803704,0
2019-05-17,sh.603617,22.5000,22.5000,21.5100,21.5600,22.5900,1499312,32821267.0000,4.925952,1,-4.559543,31.085886,3.994556,3.323284,57.076931,0
2019-05-20,sh.603617,21.9000,21.9000,20.4800,20.5000,21.5600,973987,20230979.0000,3.200010,1,-4.916510,29.557544,3.798163,3.159894,54.270737,0
2019-05-21,sh.603617,20.5500,22.5500,19.8000,22.5500,20.5000,3803540,79955595.0000,12.496435,1,9.999996,32.513299,4.177979,3.475884,59.697810,0
2019-05-22,sh.603617,22.3400,23.2200,22.1700,22.7200,22.5500,2401200,54408623.0000,7.889082,1,0.753881,32.758410,4.209476,3.502088,60.147860,0
2019-05-23,sh.603617,22.6100,22.9000,21.7000,22.0000,22.7200,1543100,34238209.0000,5.069816,1,-3.169011,31.720291,4.076077,3.391106,58.241766,0
2019-05-24,sh.603617,22.0100,22.3000,21.3200,22.0000,22.0000,952216,20754520.0000,3.128482,1,0.000000,31.720291,4.076077,3.391106,58.241766,0
2019-05-27,sh.603617,21.9900,22.2600,21.6000,22.1600,22.0000,885319,19583453.0000,2.908693,1,0.727272,31.950985,4.105721,3.415769,58.665343,0
2019-05-28,sh.603617,22.1600,22.3800,21.8300,21.9500,22.1600,1069419,23510752.0000,3.513549,1,-0.947649,31.648200,4.066813,3.383399,58.109398,0
2019-05-29,sh.603617,21.8600,24.1500,21.8600,22.7500,21.9500,3663511,84898033.0000,12.036373,1,3.644643,32.801665,4.215034,3.506712,60.227281,0
2019-05-30,sh.603617,16.0000,17.1500,15.8100,16.5600,16.1000,1791655,29634590.0000,4.204598,1,2.857137,33.427420,4.295444,3.573609,61.376232,0
2019-05-31,sh.603617,16.2000,16.5000,16.0500,16.2300,16.5600,2367500,38378664.0000,5.555973,1,-1.992753,32.761294,4.209847,3.502396,60.153155,0
2019-06-03,sh.603617,16.2300,16.2300,14.6800,14.9000,16.2300,3904680,59262269.0000,9.163377,1,-8.194700,30.076604,3.864862,3.215385,55.223784,0
2019-06-04,sh.603617,15.0000,15.0700,14.5500,14.9900,14.9000,922229,13652036.0000,2.164257,1,0.604028,30.258274,3.888207,3.234807,55.557350,0
2019-06-05,sh.603617,15.2100,15.2500,14.8000,14.9700,14.9900,788680,11798671.0000,1.850849,1,-0.133419,30.217903,3.883019,3.230491,55.483224,0
2019-06-06,sh.603617,14.8800,15.3900,14.4000,15.3000,14.9700,1471860,22053105.0000,3.454114,1,2.204408,30.884029,3.968617,3.301704,56.706301,0
2019-06-10,sh.603617,15.2000,15.9800,15.0100,15.4900,15.3000,1332820,20539654.0000,3.127819,1,1.241827,31.267556,4.017900,3.342706,57.410497,0
2019-06-11,sh.603617,15.4900,16.1400,15.0000,15.9400,15.4900,3616846,56105463.0000,8.487898,1,2.905099,32.175910,4.134624,3.439815,59.078330,0
2019-06-12,sh.603617,15.7000,16.0000,15.5000,15.8300,15.9400,2354540,37039978.0000,5.525559,1,-0.690086,31.953868,4.106092,3.416077,58.670637,0
2019-06-13,sh.603617,15.6900,16.0200,15.5300,15.8300,15.8300,1349640,21341627.0000,3.167292,1,0.000000,31.953868,4.106092,3.416077,58.670637,0
2019-06-14,sh.603617,15.8700,16.5700,15.6100,15.9000,15.8300,1834020,29606135.0000,4.304019,1,0.442196,32.095168,4.124249,3.431183,58.930078,0
2019-06-17,sh.603617,16.0200,17.4400,15.8000,16.9500,15.9000,3794958,63543376.0000,8.905885,1,6.603781,34.214660,4.396605,3.657770,62.821687,0
2019-06-18,sh.603617,16.7500,17.3000,16.5000,17.2000,16.9500,2958574,50066149.0000,6.943086,1,1.474926,34.719301,4.461452,3.711720,63.748260,0
2019-06-19,sh.603617,17.1700,18.0000,17.0000,17.7400,17.2000,3702971,65067655.0000,8.539436,1,3.139529,35.809325,4.601521,3.828250,65.749659,0
2019-06-20,sh.603617,17.5400,18.1800,17.1000,17.4000,17.7400,4897020,85981146.0000,11.293037,1,-1.916574,35.123014,4.513329,3.754879,64.489519,0
2019-06-21,sh.603617,17.4000,18.2000,17.0200,17.8500,17.4000,3740905,64890082.0000,8.626916,1,2.586211,36.031367,4.630053,3.851988,66.157352,0
2019-06-24,sh.603617,17.8300,17.8300,17.2700,17.4800,17.8500,1746774,30476282.0000,4.028242,1,-2.072834,35.284499,4.534080,3.772143,64.786023,0
2019-06-25,sh.603617,17.4000,17.5400,17.0800,17.3000,17.4800,1077500,18579041.0000,2.484827,1,-1.029750,34.921157,4.487390,3.733299,64.118890,0
2019-06-26,sh.603617,17.3000,17.4800,16.5700,17.1500,17.3000,2234314,38007390.0000,5.152560,1,-0.867050,34.618373,4.448482,3.700930,63.562946,0
2019-06-27,sh.603617,17.0200,17.5500,16.8000,16.9600,17.1500,1777800,30315639.0000,4.099792,1,-1.107875,34.234846,4.399199,3.659928,62.858750,0
2019-06-28,sh.603617,17.0800,17.0900,16.6900,16.9900,16.9600,1155580,19446912.0000,2.664888,1,0.176891,34.295402,4.406981,3.666402,62.969938,0
2019-07-01,sh.603617,17.0000,17.7600,16.9000,17.6200,16.9900,2639200,45884253.0000,6.086270,1,3.708070,35.567098,4.570394,3.802355,65.304904,0
2019-07-02,sh.603617,17.6200,19.1000,17.1100,18.7500,17.6200,5994108,106830585.0000,13.823036,1,6.413162,37.848075,4.863501,4.046206,69.493016,0
2019-07-03,sh.603617,18.5000,19.9400,18.1200,19.6000,18.7500,7366305,138592518.0000,16.987465,1,4.533335,39.563854,5.083980,4.229634,72.643366,0
2019-07-04,sh.603617,19.4500,20.2000,18.7100,19.2500,19.6000,3991641,77094174.0000,9.205139,1,-1.785716,38.857357,4.993195,4.154105,71.346163,0
2019-07-05,sh.603617,19.4000,19.4500,18.6100,19.2000,19.2500,6031616,114157886.0000,13.909533,1,-0.259736,38.756429,4.980225,4.143315,71.160849,0
2019-07-08,sh.603617,18.8900,19.1000,18.4900,18.7400,19.2000,1134000,21288474.0000,2.615122,1,-2.395838,37.827889,4.860907,4.044048,69.455953,0
2019-07-09,sh.603617,18.8300,19.5800,18.5900,19.4500,18.7400,2089982,39952089.0000,4.819716,1,3.788692,39.261070,5.045072,4.197264,72.087422,0
2019-07-10,sh.603617,19.5000,20.5000,19.3800,19.7000,19.4500,1792919,35316887.0000,4.134658,1,1.285347,39.765711,5.109919,4.251214,73.013996,0
2019-07-11,sh.603617,19.8000,19.9900,19.0000,19.4700,19.7000,1966280,38357694.0000,4.534446,1,-1.167520,39.301441,5.050260,4.201580,72.161548,0
2019-07-12,sh.603617,19.0100,19.5800,18.2200,18.2900,19.4700,3581520,67023897.0000,8.259357,1,-6.060598,36.919536,4.744183,3.946939,67.788121,0
2019-07-15,sh.603617,18.0000,18.3100,17.4900,17.9500,18.2900,5081829,89940417.0000,11.719226,1,-1.858940,36.233224,4.655992,3.873568,66.527981,0
2019-07-16,sh.603617,17.8800,18.1000,17.5000,18.0200,17.9500,2953106,52571328.0000,6.810169,1,0.389970,36.374523,4.674149,3.888674,66.787422,0
2019-07-17,sh.603617,17.8400,19.8200,17.6400,19.8200,18.0200,10239761,187227656.0000,23.613953,1,9.988896,40.007939,5.141045,4.277110,73.458751,0
2019-07-18,sh.603617,19.2300,19.5000,18.5000,18.5000,19.8200,11521680,215689097.0000,26.570192,1,-6.659938,37.343434,4.798655,3.992257,68.566443,0
2019-07-19,sh.603617,18.2000,18.7600,17.8600,18.2700,18.5000,7184090,131067744.0000,16.567258,1,-1.243241,36.879164,4.738996,3.942623,67.713995,0
2019-07-22,sh.603617,18.0600,18.0600,17.0800,17.2300,18.2700,3609819,62576867.0000,8.324618,1,-5.692397,34.779858,4.469233,3.718194,63.859449,0
2019-07-23,sh.603617,17.1900,17.4900,17.1500,17.1800,17.2300,3563054,61482434.0000,8.216773,1,-0.290187,34.678930,4.456264,3.707404,63.674134,0
2019-07-24,sh.603617,17.1200,17.3000,17.0600,17.2100,17.1800,2165265,37223320.0000,4.993326,1,0.174615,34.739487,4.464046,3.713878,63.785323,0
2019-07-25,sh.603617,17.2100,18.6700,17.0200,18.4000,17.2100,9626994,169006866.0000,22.200849,1,6.914588,37.141578,4.772716,3.970677,68.195813,0
2019-07-26,sh.603617,18.1000,18.6000,17.8200,18.1900,18.4000,5344520,96791026.0000,12.325000,1,-1.141300,36.717679,4.718245,3.925359,67.417492,0
2019-07-29,sh.603617,18.1200,18.2900,17.8100,18.0000,18.1900,2220650,39868741.0000,5.121050,1,-1.044533,36.334152,4.668961,3.884358,66.713296,0
2019-07-30,sh.603617,18.8000,18.8000,17.9000,18.0200,18.0000,3881300,71046489.0000,8.950700,1,0.111100,36.374523,4.674149,3.888674,66.787422,0
2019-07-31,sh.603617,17.5200,18.1900,17.4000,17.8900,18.0200,3575593,63242011.0000,8.245700,1,-0.721400,36.112110,4.640429,3.860620,66.305603,0
2019-08-01,sh.603617,17.6900,18.2800,17.5000,17.7000,17.8900,3407660,61145059.0000,7.858400,1,-1.062000,35.728583,4.591145,3.819619,65.601407,0
2019-08-02,sh.603617,17.4800,17.9800,17.2200,17.5500,17.7000,2388120,42256381.0000,5.507300,1,-0.847500,35.425798,4.552237,3.787249,65.045463,0
2019-08-05,sh.603617,17.8800,17.8800,17.5000,17.5000,17.5500,1356260,23943272.0000,3.127700,1,-0.284900,35.324870,4.539268,3.776459,64.860149,0
2019-08-06,sh.603617,17.2400,17.7000,17.1200,17.6200,17.5000,1858500,32338302.0000,4.285900,1,0.685700,35.567098,4.570394,3.802355,65.304904,0
2019-08-07,sh.603617,17.6000,18.2500,17.1700,17.1700,17.6200,3033233,54175006.0000,6.995000,1,-2.553900,34.658744,4.453670,3.705246,63.637071,0
2019-08-08,sh.603617,18.0600,18.8900,17.7000,18.8900,17.1700,8052208,149406493.0000,18.569200,1,10.017500,38.130674,4.899815,4.076418,70.011897,0
2019-08-09,sh.603617,19.0600,20.2000,18.1000,18.1600,18.8900,10746327,201169927.0000,24.782100,1,-3.864500,36.657122,4.710463,3.918885,67.306303,0
2019-08-12,sh.603617,18.1400,19.0000,17.8000,18.2000,18.1600,4471041,81828286.0000,10.310700,1,0.220300,36.737865,4.720838,3.927517,67.454554,0
2019-08-13,sh.603617,18.2000,20.0200,17.8900,20.0200,18.2000,10957720,211751719.0000,25.269600,1,10.000000,40.411651,5.192922,4.320269,74.200010,0
2019-08-14,sh.603617,20.0000,20.2700,19.2500,19.3300,20.0200,9725404,191738986.0000,22.427800,1,-3.446600,39.018842,5.013945,4.171369,71.642667,0
2019-08-15,sh.603617,18.7100,21.2600,18.6300,21.2600,19.3300,11822001,241362441.0000,27.262800,1,9.984500,42.914671,5.514562,4.587858,78.795815,0
2019-08-16,sh.603617,21.1300,21.5000,19.1300,19.1300,21.2600,22650360,451863486.0000,52.234100,1,-10.018800,40.724851,4.905022,4.191683,21.974194,0
2019-08-19,sh.603617,17.2200,17.6000,17.2200,17.2200,19.1300,11909946,205405964.0000,27.465600,1,-9.984300,36.658752,4.415289,3.773172,19.780220,0
2019-08-20,sh.603617,16.5500,16.8800,16.3000,16.3300,17.2200,13321746,219880935.0000,30.721300,1,-5.168400,34.764078,4.187089,3.578159,18.757898,0
2019-08-21,sh.603617,16.2100,16.4400,15.8000,15.8800,16.3300,9608130,154398791.0000,22.157300,1,-2.755700,33.806097,4.071707,3.479557,18.240993,0
2019-08-22,sh.603617,15.8400,15.9700,15.6000,15.8300,15.8800,5114570,80854044.0000,11.794700,1,-0.314900,33.699654,4.058886,3.468601,18.183559,0
2019-08-23,sh.603617,15.8700,15.8800,15.5800,15.6000,15.8300,4292195,67370593.0000,9.898200,1,-1.452900,33.210020,3.999913,3.418204,17.919363,0
2019-08-26,sh.603617,15.2700,15.2700,15.0000,15.0500,15.6000,4988769,75329730.0000,11.504600,1,-3.525600,32.039153,3.858891,3.297691,17.287591,0
2019-08-27,sh.603617,15.1500,15.3700,15.1100,15.3600,15.0500,4375265,66796205.0000,10.089800,1,2.059800,32.699096,3.938376,3.365617,17.643681,0
2019-08-28,sh.603617,15.2900,15.4400,15.2200,15.2700,15.3600,3148862,48204319.0000,7.261600,1,-0.585900,32.507500,3.915300,3.345896,17.540300,0
2019-08-29,sh.603617,15.2800,15.3000,15.1300,15.1500,15.2700,2718060,41287843.0000,6.268100,1,-0.785900,32.252038,3.884531,3.319602,17.402459,0
2019-08-30,sh.603617,15.1800,15.2400,14.6100,14.7400,15.1500,3771465,56368917.0000,8.697400,1,-2.706300,31.379211,3.779405,3.229765,16.931501,0
2019-09-02,sh.603617,14.7800,15.0200,14.6600,15.0100,14.7400,3460939,51578106.0000,7.981300,1,1.831800,31.954000,3.848635,3.288926,17.241644,0
2019-09-03,sh.603617,15.0600,15.0600,14.9000,14.9500,15.0100,2353099,35206624.0000,5.426500,1,-0.399700,31.826269,3.833250,3.275779,17.172723,0
2019-09-04,sh.603617,14.9200,15.0300,14.8300,15.0200,14.9500,2402374,35837597.0000,5.540100,1,0.468200,31.975288,3.851199,3.291117,17.253131,0
2019-09-05,sh.603617,15.0800,15.3400,15.0300,15.1300,15.0200,4156499,63149741.0000,9.585300,1,0.732400,32.209461,3.879403,3.315220,17.379485,0
2019-09-06,sh.603617,15.1500,15.4300,15.1200,15.3700,15.1300,3932300,60037931.0000,9.068300,1,1.586300,32.720385,3.940940,3.367808,17.655168,0
2019-09-09,sh.603617,15.5000,15.5400,15.2900,15.4300,15.3700,3537060,54411087.0000,8.156800,1,0.390400,32.848115,3.956324,3.380955,17.724088,0
2019-09-10,sh.603617,15.4200,15.4200,15.2100,15.3100,15.4300,3111220,47538760.0000,7.174800,1,-0.777700,32.592654,3.925556,3.354661,17.586247,0
2019-09-11,sh.603617,15.3200,15.3700,15.1200,15.1200,15.3100,2522260,38385807.0000,5.816600,1,-1.241000,32.188173,3.876839,3.313029,17.367998,0
2019-09-12,sh.603617,15.1300,15.2700,15.1100,15.2500,15.1200,1854182,28211219.0000,4.275900,1,0.859800,32.464923,3.910172,3.341514,17.517326,0
2019-09-16,sh.603617,15.3100,15.3400,15.2000,15.2500,15.2500,2154694,32918647.0000,4.968900,1,0.000000,32.464923,3.910172,3.341514,17.517326,0
2019-09-17,sh.603617,15.2100,15.2900,14.8400,14.9200,15.2500,2646320,39748426.0000,6.102700,1,-2.163900,31.762403,3.825558,3.269206,17.138263,0
2019-09-18,sh.603617,14.9200,15.0600,14.9000,14.9600,14.9200,1593920,23849350.0000,3.675700,1,0.268100,31.847557,3.835814,3.277970,17.184210,0
2019-09-19,sh.603617,14.9300,15.0500,14.9200,15.0500,14.9600,1353960,20284357.0000,3.122400,1,0.601600,32.039153,3.858891,3.297691,17.287591,0
2019-09-20,sh.603617,15.0900,15.1100,15.0000,15.0300,15.0500,1360720,20474073.0000,3.138000,1,-0.132900,31.996577,3.853763,3.293308,17.264617,0
2019-09-23,sh.603617,15.0400,15.1100,14.8100,14.9100,15.0300,1844589,27496582.0000,4.253800,1,-0.798400,31.741115,3.822994,3.267015,17.126776,0
2019-09-24,sh.603617,14.8800,15.0200,14.8600,14.9200,14.9100,1261880,18865181.0000,2.910000,1,0.067100,31.762403,3.825558,3.269206,17.138263,0
2019-09-25,sh.603617,14.8400,14.8500,14.5100,14.5200,14.9200,2201060,32326352.0000,5.075900,1,-2.681000,30.910864,3.722996,3.181560,16.678792,0
2019-09-26,sh.603617,14.6000,14.6800,13.9100,13.9300,14.5200,2314860,32853234.0000,5.338300,1,-4.063400,29.654844,3.571717,3.052281,16.001073,0
2019-09-27,sh.603617,13.8100,14.0700,13.8100,14.0200,13.9300,1270904,17777600.0000,2.930800,1,0.646100,29.846441,3.594794,3.072002,16.104453,0
2019-09-30,sh.603617,13.9500,14.1200,13.8300,13.8600,14.0200,1151120,16030868.0000,2.654600,1,-1.141200,29.505825,3.553769,3.036943,15.920665,0
2019-10-08,sh.603617,13.9000,14.2000,13.8800,14.0100,13.8600,1522080,21376019.0000,3.510100,1,1.082300,29.825152,3.592230,3.069811,16.092967,0
2019-10-09,sh.603617,13.9200,14.1600,13.9100,14.1400,14.0100,1094480,15394624.0000,2.524000,1,0.927900,30.101902,3.625562,3.098296,16.242295,0
2019-10-10,sh.603617,14.1900,14.3700,14.1800,14.3200,14.1400,1397660,19974734.0000,3.223100,1,1.273000,30.485095,3.671715,3.137736,16.449057,0
2019-10-11,sh.603617,14.3200,14.4200,14.1800,14.3000,14.3200,1454175,20797074.0000,3.353500,1,-0.139700,30.442518,3.666587,3.133354,16.426083,0
2019-10-14,sh.603617,14.3900,14.4900,14.3300,14.4300,14.3000,1492643,21548272.0000,3.442200,1,0.909100,30.719268,3.699920,3.161839,16.575411,0
2019-10-15,sh.603617,14.3600,14.5800,14.3400,14.4900,14.4300,1661340,24003985.0000,3.831200,1,0.415800,30.846999,3.715304,3.174986,16.644332,0
2019-10-16,sh.603617,14.5400,14.5400,14.2000,14.2300,14.4900,1150109,16461154.0000,2.652300,1,-1.794300,30.293499,3.648639,3.118016,16.345676,0
2019-10-17,sh.603617,14.2500,14.4100,14.1800,14.2700,14.2300,737700,10523088.0000,1.701200,1,0.281100,30.378653,3.658895,3.126781,16.391623,0
2019-10-18,sh.603617,14.2900,14.2900,13.8500,13.9600,14.2700,1446600,20310464.0000,3.336000,1,-2.172400,29.718710,3.579410,3.058855,16.035533,0
2019-10-21,sh.603617,14.0200,14.0200,13.7500,13.9400,13.9600,1115429,15496118.0000,2.572300,1,-0.143300,29.676133,3.574281,3.054472,16.012559,0
2019-10-22,sh.603617,13.8900,14.1500,13.8900,14.0900,13.9400,1019075,14322410.0000,2.350100,1,1.076000,29.995460,3.612742,3.087340,16.184861,0
2019-10-23,sh.603617,14.0600,14.8000,14.0600,14.2900,14.0900,2638854,38159863.0000,6.085500,1,1.419400,30.421229,3.664023,3.131163,16.414596,0
2019-10-24,sh.603617,14.0500,14.1700,13.9000,14.0300,14.2900,1710580,23982280.0000,3.944800,1,-1.819500,29.867729,3.597358,3.074193,16.115940,0
2019-10-25,sh.603617,13.9700,14.1500,13.9000,14.0900,14.0300,992714,13897693.0000,2.289300,1,0.427700,29.995460,3.612742,3.087340,16.184861,0
2019-10-28,sh.603617,14.1000,14.2000,14.0100,14.1900,14.0900,1222295,17277017.0000,2.818700,1,0.709700,30.208345,3.638383,3.109251,16.299729,0
2019-10-29,sh.603617,14.2800,14.2800,14.0200,14.0500,14.1900,991854,13993637.0000,2.287300,1,-0.986600,29.910306,3.602486,3.078575,16.138914,0
2019-10-30,sh.603617,13.9500,14.0300,13.8200,13.9000,14.0500,929340,12927410.0000,2.143200,1,-1.067600,29.360587,3.476691,3.103816,31.563304,0
2019-10-31,sh.603617,13.9000,14.0000,13.5000,13.5600,13.9000,1350800,18547015.0000,3.115100,1,-2.446000,28.642414,3.391650,3.027895,30.791252,0
2019-11-01,sh.603617,13.6100,13.7100,13.3700,13.6600,13.5600,1005300,13634053.0000,2.318300,1,0.737500,28.853641,3.416662,3.050225,31.018326,0
2019-11-04,sh.603617,13.6800,13.8800,13.6800,13.7400,13.6600,923739,12730093.0000,2.130200,1,0.585700,29.022623,3.436672,3.068088,31.199986,0
2019-11-05,sh.603617,13.7400,13.8100,13.4300,13.7700,13.7400,1075660,14710577.0000,2.480600,1,0.218300,29.085991,3.444176,3.074787,31.268108,0
2019-11-06,sh.603617,13.8000,13.8200,13.4800,13.5700,13.7700,854580,11643934.0000,1.970800,1,-1.452400,28.663537,3.394151,3.030128,30.813960,0
2019-11-07,sh.603617,13.5100,13.6900,13.4800,13.5900,13.5700,610880,8295874.0000,1.408800,1,0.147400,28.705782,3.399154,3.034594,30.859375,0
2019-11-08,sh.603617,13.6000,13.6700,13.4600,13.5000,13.5900,692060,9393815.0000,1.596000,1,-0.662300,28.515678,3.376643,3.014497,30.655008,0
2019-11-11,sh.603617,13.4800,13.5000,12.6300,12.7600,13.5000,2201480,28467996.0000,5.076800,1,-5.481500,26.952596,3.191553,2.849258,28.974659,0
2019-11-12,sh.603617,12.7700,12.8500,12.5800,12.7800,12.7600,1008589,12805683.0000,2.325900,1,0.156700,26.994842,3.196555,2.853724,29.020074,0
2019-11-13,sh.603617,12.7100,12.8300,12.7000,12.7900,12.7800,644800,8242216.0000,1.487000,1,0.078200,27.015964,3.199056,2.855957,29.042781,0
2019-11-14,sh.603617,12.8500,12.8800,12.7200,12.8200,12.7900,600340,7690487.0000,1.384400,1,0.234600,27.079332,3.206560,2.862656,29.110904,0
2019-11-15,sh.603617,12.8200,12.8500,12.5900,12.6000,12.8200,873400,11090914.0000,2.014200,1,-1.716100,26.614633,3.151533,2.813531,28.611341,0
2019-11-18,sh.603617,12.6000,12.8500,12.5100,12.8100,12.6000,917200,11695403.0000,2.115200,1,1.666700,27.058210,3.204059,2.860423,29.088196,0
2019-11-19,sh.603617,12.7100,12.9800,12.7100,12.9300,12.8100,770174,9941963.0000,1.776100,1,0.936800,27.311682,3.234073,2.887219,29.360685,0
2019-11-20,sh.603617,12.9500,13.0900,12.8200,12.8600,12.9300,656800,8491289.0000,1.514600,1,-0.541400,27.163823,3.216565,2.871588,29.201733,0
2019-11-21,sh.603617,12.9600,12.9600,12.7300,12.8400,12.8600,475665,6094010.0000,1.096900,1,-0.155500,27.121578,3.211562,2.867122,29.156319,0
2019-11-22,sh.603617,12.8100,13.0400,12.7200,12.8200,12.8400,617600,7938593.0000,1.424200,1,-0.155800,27.079332,3.206560,2.862656,29.110904,0
2019-11-25,sh.603617,12.8800,12.8800,12.6300,12.7600,12.8200,688680,8782443.0000,1.588200,1,-0.468000,26.952596,3.191553,2.849258,28.974659,0
2019-11-26,sh.603617,12.7900,12.8500,12.6700,12.8300,12.7600,796360,10171791.0000,1.836500,1,0.548600,27.100455,3.209061,2.864889,29.133611,0
2019-11-27,sh.603617,12.8300,12.9300,12.7200,12.8600,12.8300,679010,8717810.0000,1.565900,1,0.233800,27.163823,3.216565,2.871588,29.201733,0
2019-11-28,sh.603617,12.7600,12.8400,12.6500,12.6600,12.8600,727580,9260804.0000,1.677900,1,-1.555200,26.741369,3.166540,2.826929,28.747585,0
2019-11-29,sh.603617,12.5600,12.7500,12.5100,12.7000,12.6600,933140,11768764.0000,2.151900,1,0.316000,26.825860,3.176545,2.835861,28.838415,0
2019-12-02,sh.603617,12.6800,12.7000,12.5200,12.5800,12.7000,679720,8563541.0000,1.567500,1,-0.944900,26.572387,3.146531,2.809065,28.565926,0
2019-12-03,sh.603617,12.5800,12.8900,12.2000,12.8200,12.5800,1259480,15952430.0000,2.904500,1,1.907800,27.079332,3.206560,2.862656,29.110904,0
2019-12-04,sh.603617,12.7200,12.8800,12.7200,12.8200,12.8200,784540,10032250.0000,1.809200,1,0.000000,27.079332,3.206560,2.862656,29.110904,0
2019-12-05,sh.603617,12.7700,12.9200,12.7500,12.8500,12.8200,887303,11401480.0000,2.046200,1,0.234000,27.142701,3.214064,2.869355,29.179026,0
2019-12-06,sh.603617,12.8600,13.0600,12.8600,13.0000,12.8500,1379123,17890733.0000,3.180400,1,1.167300,27.459542,3.251582,2.902849,29.519637,0
2019-12-09,sh.603617,13.0000,13.2800,13.0000,13.2200,13.0000,1697470,22383502.0000,3.914500,1,1.692300,27.924241,3.306609,2.951975,30.019200,0
2019-12-10,sh.603617,13.2300,13.2600,13.0800,13.2000,13.2200,970130,12776057.0000,2.237200,1,-0.151300,27.881996,3.301606,2.947509,29.973785,0
2019-12-11,sh.603617,13.2800,13.2800,13.1200,13.1600,13.2000,676860,8921842.0000,1.560900,1,-0.303000,27.797505,3.291601,2.938577,29.882956,0
2019-12-12,sh.603617,13.2500,13.2500,13.0100,13.0100,13.1600,729103,9556300.0000,1.681400,1,-1.139800,27.480664,3.254083,2.905082,29.542345,0
2019-12-13,sh.603617,13.1700,13.1700,13.0100,13.0900,13.0100,841549,10996057.0000,1.940700,1,0.614900,27.649646,3.274093,2.922946,29.724004,0
2019-12-16,sh.603617,13.3400,13.3500,13.1000,13.2400,13.0900,903640,11937033.0000,2.083900,1,1.145900,27.966487,3.311611,2.956440,30.064615,0
2019-12-17,sh.603617,13.2900,13.4500,13.2100,13.3900,13.2400,1409460,18839747.0000,3.250400,1,1.132900,28.283328,3.349129,2.989935,30.405226,0
2019-12-18,sh.603617,13.3600,13.5100,13.3400,13.3900,13.3900,957360,12836683.0000,2.207800,1,0.000000,28.283328,3.349129,2.989935,30.405226,0
2019-12-19,sh.603617,13.3900,13.4700,13.2300,13.4700,13.3900,789580,10585049.0000,1.820900,1,0.597500,28.452310,3.369139,3.007799,30.586886,0
2019-12-20,sh.603617,13.4700,13.7400,13.4400,13.5700,13.4700,2041085,27729995.0000,4.707000,1,0.742400,28.663537,3.394151,3.030128,30.813960,0
2019-12-23,sh.603617,13.4600,13.4600,12.9000,12.9900,13.5700,2165420,28369830.0000,4.993700,1,-4.274100,27.438419,3.249081,2.900616,29.496930,0
2019-12-24,sh.603617,12.9900,14.1300,12.9900,13.7500,12.9900,6147410,83915080.0000,14.176600,1,5.850700,29.043746,3.439173,3.070321,31.222693,0
2019-12-25,sh.603617,13.6500,14.3000,13.5500,14.2800,13.7500,6784215,94876467.0000,15.645100,1,3.854500,30.163250,3.571738,3.188668,32.426186,0
2019-12-26,sh.603617,14.2200,14.6200,13.9500,14.4800,14.2800,6427196,92110303.0000,14.821800,1,1.400600,30.585705,3.621762,3.233328,32.880334,0
2019-12-27,sh.603617,14.5300,15.6000,14.2700,15.2200,14.4800,9290981,138834159.0000,21.426000,1,5.110500,32.148786,3.806852,3.398567,34.560683,0
2019-12-30,sh.603617,14.9500,15.4800,14.7000,14.7300,15.2200,7576714,115053017.0000,17.472700,1,-3.219500,31.113773,3.684292,3.289152,33.448020,0
2019-12-31,sh.603617,14.4000,14.9400,14.3000,14.6800,14.7300,4521844,66109669.0000,10.427800,1,-0.339400,31.008159,3.671786,3.277987,33.334483,0
2020-01-02,sh.603617,14.8100,14.9800,14.5500,14.9400,14.6800,3795443,56035534.0000,8.752700,1,1.771100,31.557350,3.736818,3.336044,33.924875,0
2020-01-03,sh.603617,14.9800,15.2000,14.8500,15.1100,14.9400,3002645,45185390.0000,6.924400,1,1.137900,31.916436,3.779339,3.374004,34.310901,0
2020-01-06,sh.603617,15.0700,16.5800,14.9800,16.3500,15.1100,7874560,125439871.0000,18.159600,1,8.206500,34.535654,4.089489,3.650891,37.126621,0
2020-01-07,sh.603617,16.4400,16.7700,15.8000,16.7500,16.3500,5496316,90401207.0000,12.675100,1,2.446500,35.380563,4.189538,3.740210,38.034917,0
2020-01-08,sh.603617,16.5100,16.8200,16.4100,16.4800,16.7500,3149193,52269940.0000,7.262400,1,-1.611900,34.810250,4.122005,3.679920,37.421817,0
2020-01-09,sh.603617,16.4800,17.4500,16.4800,17.4000,16.4800,6118576,104112544.0000,14.110100,1,5.582500,36.753540,4.352117,3.885352,39.510899,0
2020-01-10,sh.603617,17.7300,17.8200,16.9100,17.8200,17.4000,6573986,115063841.0000,15.160300,1,2.413800,37.640695,4.457168,3.979137,40.464610,0
2020-01-13,sh.603617,17.5200,18.3100,17.3200,18.1900,17.8200,4421579,78963774.0000,10.196600,1,2.076300,38.422235,4.549713,4.061756,41.304785,0
2020-01-14,sh.603617,18.3500,19.5500,16.3700,16.3700,18.1900,14023780,255406412.0000,32.340300,1,-10.005500,34.577900,4.094492,3.655357,37.172035,0
2020-01-15,sh.603617,15.5000,18.0100,15.3100,17.9000,16.3700,9927461,167286719.0000,22.893800,1,9.346400,37.809676,4.477178,3.997000,40.646270,0
2020-01-16,sh.603617,17.3000,18.2400,16.6300,17.5700,17.9000,6949821,121848013.0000,16.027000,1,-1.843600,37.112626,4.394638,3.923313,39.896925,0
2020-01-17,sh.603617,17.0100,17.3000,16.3800,16.6300,17.5700,4219835,71023745.0000,9.731400,1,-5.350000,35.127090,4.159524,3.713414,37.762428,0
2020-01-20,sh.603617,16.6000,16.6500,16.1700,16.2800,16.6300,2126320,34686213.0000,4.903500,1,-2.104600,34.387795,4.071981,3.635261,36.967669,0
2020-01-21,sh.603617,16.2900,16.3900,14.6500,14.7500,16.2800,7077000,106774249.0000,16.320300,1,-9.398000,31.156018,3.689295,3.293618,33.493434,0
2020-01-22,sh.603617,14.9200,15.4700,14.5300,15.1900,14.7500,3850700,58073233.0000,8.880100,1,2.983000,32.085418,3.799348,3.391868,34.492561,0
2020-01-23,sh.603617,15.4800,15.5000,14.7000,14.9300,15.1900,2650740,39822234.0000,6.112900,1,-1.711600,31.536227,3.734317,3.333811,33.902168,0
2020-02-03,sh.603617,13.4400,13.4400,13.4400,13.4400,14.9300,530700,7132608.0000,1.223800,1,-9.979900,28.388941,3.361635,3.001100,30.518763,0
2020-02-04,sh.603617,12.1000,13.3700,12.1000,13.0800,13.4400,4149971,52867112.0000,9.570300,1,-2.678600,27.628523,3.271592,2.920713,29.701296,0
2020-02-05,sh.603617,13.2300,13.8700,13.0600,13.5800,13.0800,2970820,40173426.0000,6.851000,1,3.822600,28.684660,3.396652,3.032361,30.836667,0
2020-02-06,sh.603617,13.2700,13.8500,13.2700,13.7000,13.5800,2349166,32241391.0000,5.417400,1,0.883700,28.938132,3.426667,3.059157,31.109156,0
2020-02-07,sh.603617,13.6300,13.9600,13.6300,13.8400,13.7000,2148046,29597642.0000,4.953600,1,1.021900,29.233850,3.461684,3.090418,31.427060,0
2020-02-10,sh.603617,13.8200,14.2200,13.7400,14.1800,13.8400,2373160,33135290.0000,5.472800,1,2.456600,29.952023,3.546725,3.166339,32.199112,0
2020-02-11,sh.603617,14.2500,14.4300,14.1300,14.2200,14.1800,2099086,29926275.0000,4.840700,1,0.282100,30.036514,3.556730,3.175271,32.289942,0
2020-02-12,sh.603617,14.1500,14.9500,14.1200,14.7800,14.2200,2079080,30408916.0000,4.794600,1,3.938100,31.219386,3.696798,3.300316,33.561557,0
2020-02-13,sh.603617,14.8100,15.3100,14.5800,14.7900,14.7800,2046226,30419812.0000,4.718800,1,0.067700,31.240509,3.699300,3.302549,33.584264,0
2020-02-14,sh.603617,14.7900,14.8900,14.5000,14.6600,14.7900,2027420,29794332.0000,4.675400,1,-0.879000,30.965914,3.666784,3.273521,33.289068,0
2020-02-17,sh.603617,14.7900,15.1900,14.6700,15.0600,14.6600,2128860,31802395.0000,4.909400,1,2.728500,31.810823,3.766833,3.362839,34.197364,0
2020-02-18,sh.603617,15.0900,15.6900,15.0600,15.6700,15.0600,2466223,37925863.0000,5.687400,1,4.050500,33.099309,3.919407,3.499050,35.582516,0
2020-02-19,sh.603617,15.8000,16.1500,15.5200,15.8900,15.6700,5053100,79937239.0000,11.653000,1,1.404000,33.099309,3.919407,3.499050,35.582516,0
2020-02-20,sh.603617,15.8000,16.1500,15.6800,16.0500,15.8900,2636760,42014855.0000,6.080600,1,1.006900,30.977866,3.873787,3.398860,36.445398,0
2020-02-21,sh.603617,16.1700,16.6700,16.0600,16.6200,16.0500,3324720,54460843.0000,7.667100,1,3.551400,32.078015,4.011361,3.519567,37.739721,0
2020-02-24,sh.603617,16.6200,16.9600,16.3000,16.7400,16.6200,2835740,47072246.0000,6.539500,1,0.722000,32.309625,4.040324,3.544979,38.012210,0
2020-02-25,sh.603617,16.1800,17.2200,15.8100,17.0700,16.7400,4170861,69827721.0000,9.618400,1,1.971300,32.946553,4.119972,3.614862,38.761554,0
2020-02-26,sh.603617,16.9500,17.5900,16.8600,16.9300,17.0700,3754160,64457708.0000,8.657500,1,-0.820100,32.676341,4.086182,3.585215,38.443651,0
2020-02-27,sh.603617,16.9700,17.1700,16.3700,16.5800,16.9300,2536520,42483442.0000,5.849500,1,-2.067300,32.000811,4.001707,3.511097,37.648891,0
2020-02-28,sh.603617,16.3800,16.6900,15.8000,16.0400,16.5800,3293900,53336673.0000,7.596100,1,-3.256900,30.958565,3.871373,3.396742,36.422691,0
2020-03-02,sh.603617,16.4600,17.1300,16.4000,17.1000,16.0400,3956255,66588813.0000,9.123500,1,6.608500,33.004455,4.127212,3.621215,38.829677,0
2020-03-03,sh.603617,17.1400,17.5800,17.1400,17.4900,17.1000,5354680,92957808.0000,12.348400,1,2.280700,33.757189,4.221342,3.703805,39.715266,0
2020-03-04,sh.603617,17.0500,18.5300,17.0500,17.6200,17.4900,11570734,206676320.0000,26.683300,1,0.743300,34.008100,4.252718,3.731334,40.010462,0
2020-03-05,sh.603617,17.6200,18.1700,17.5000,17.6500,17.6200,7066844,125884294.0000,16.296900,1,0.170300,34.066002,4.259959,3.737687,40.078584,0
2020-03-06,sh.603617,17.0500,18.5900,17.0500,18.5400,17.6500,7713174,139348989.0000,17.787400,1,5.042500,35.783778,4.474767,3.926160,42.099544,0
2020-03-09,sh.603617,18.2000,18.3900,17.3200,17.5000,18.5400,5328318,95984385.0000,12.287700,1,-5.609500,33.776490,4.223755,3.705922,39.737973,0
2020-03-10,sh.603617,17.0200,17.7200,16.3700,17.1900,17.5000,3702400,62934522.0000,8.538100,1,-1.771400,33.178163,4.148935,3.640274,39.034043,0
2020-03-11,sh.603617,17.2200,17.6100,16.6000,16.7000,17.1900,3820840,64826916.0000,8.811300,1,-2.850500,32.232421,4.030669,3.536509,37.921380,0
2020-03-12,sh.603617,16.8100,16.9000,15.8500,16.4100,16.7000,3571260,59139457.0000,8.235700,1,-1.736500,31.672697,3.960676,3.475096,37.262865,0
2020-03-13,sh.603617,15.7200,16.6300,15.5000,16.3800,16.4100,3413780,55530569.0000,7.872500,1,-0.182800,31.614794,3.953435,3.468743,37.194743,0
2020-03-16,sh.603617,16.4400,16.7200,16.0200,16.3000,16.3800,3364937,55208243.0000,7.759900,1,-0.488400,31.460387,3.934126,3.451802,37.013084,0
2020-03-17,sh.603617,16.2600,16.4000,14.6700,14.6700,16.3000,6523960,97529641.0000,15.044900,1,-10.000000,28.314349,3.540714,3.106622,33.311775,0
2020-03-18,sh.603617,14.5600,14.9400,13.7500,13.7900,14.6700,4869434,69954777.0000,11.229400,1,-5.998600,26.186296,3.321505,2.921213,31.313523,0
2020-03-19,sh.603617,13.8900,14.1900,13.4000,13.6600,13.7900,3155174,43116992.0000,7.276200,1,-0.942700,26.364963,3.296943,2.892737,31.018326,0
2020-03-20,sh.603617,13.8400,14.0800,13.7000,14.0800,13.6600,2026116,28162136.0000,4.672400,1,3.074700,27.175598,3.398313,2.981679,31.972038,0
2020-03-23,sh.603617,13.7800,13.9200,13.3000,13.4600,14.0800,1767900,24102194.0000,4.077000,1,-4.403400,25.978946,3.248671,2.850384,30.564178,0
2020-03-24,sh.603617,13.6400,13.9800,13.4700,13.8500,13.4600,1540504,21122080.0000,3.552600,1,2.897500,26.731679,3.342801,2.932973,31.449767,0
2020-03-25,sh.603617,14.0800,14.4700,14.0600,14.4700,13.8500,1816932,25955464.0000,4.190000,1,4.476500,27.928332,3.492442,3.064268,32.857627,0
2020-03-26,sh.603617,14.4300,14.4800,14.2200,14.3500,14.4700,1872919,26796798.0000,4.319100,1,-0.829300,27.696721,3.463479,3.038856,32.585138,0
2020-03-27,sh.603617,14.3600,14.5900,14.2600,14.4300,14.3500,2246417,32336100.0000,5.180500,1,0.557500,27.851128,3.482788,3.055798,32.766797,0
2020-03-30,sh.603617,14.3500,14.4500,14.0000,14.2600,14.4300,1643226,23280113.0000,3.789400,1,-1.178100,27.078794,3.434711,3.020775,32.380771,0
2020-03-31,sh.603617,14.7600,14.9600,14.5100,14.8200,14.2600,2335230,34416041.0000,5.385300,1,3.927100,28.142197,3.569595,3.139403,28.813117,0
2020-04-01,sh.603617,14.8300,15.2800,14.8300,15.0400,14.8200,2026440,30442372.0000,4.673200,1,1.484500,28.559963,3.622585,3.186007,29.240842,0
2020-04-02,sh.603617,14.9600,15.4200,14.8300,15.3500,15.0400,2122780,32125683.0000,4.895400,1,2.061200,29.148632,3.697252,3.251676,29.843546,0
2020-04-03,sh.603617,15.1100,15.8400,15.1100,15.7600,15.3500,2059722,32205658.0000,4.749900,1,2.671000,29.927195,3.796006,3.338529,30.640670,0
2020-04-07,sh.603617,15.8700,16.2000,15.7500,15.9900,15.7600,2384655,38116703.0000,5.499300,1,1.459400,30.363950,3.851405,3.387251,31.087837,0
2020-04-08,sh.603617,15.9800,16.2400,15.7200,16.2400,15.9900,2181980,34934155.0000,5.031900,1,1.563500,30.838683,3.911621,3.440210,31.573888,0
2020-04-09,sh.603617,16.1500,16.5600,16.1200,16.4600,16.2400,1422760,23265064.0000,3.281000,1,1.354700,31.256449,3.964611,3.486814,32.001613,0
2020-04-10,sh.603617,16.4400,16.5100,15.7100,16.0000,16.4600,2020680,32499071.0000,4.659900,1,-2.794600,30.382939,3.853813,3.389369,31.107279,0
2020-04-13,sh.603617,16.2100,16.2100,15.1100,15.8800,16.0000,1127880,17979474.0000,2.601000,1,-0.750000,30.155067,3.824910,3.363949,30.873974,0
2020-04-14,sh.603617,15.7100,16.0500,15.6800,15.7300,15.8800,1305994,20654513.0000,3.011800,1,-0.944600,29.870227,3.788780,3.332174,30.582343,0
2020-04-15,sh.603617,15.7300,15.8800,15.1800,15.3000,15.7300,1930116,29826292.0000,4.451000,1,-2.733600,29.053685,3.685209,3.241084,29.746335,0
2020-04-16,sh.603617,15.3400,15.4400,15.0600,15.1300,15.3000,1442600,21997599.0000,3.326800,1,-1.111100,28.730867,3.644262,3.205072,29.415821,0
2020-04-17,sh.603617,15.0800,15.3600,15.0800,15.2600,15.1300,1276000,19434068.0000,2.942600,1,0.859200,28.977728,3.675575,3.232611,29.668567,0
2020-04-20,sh.603617,15.3100,16.0500,15.1000,16.0200,15.2600,2504195,39177272.0000,5.774900,1,4.980300,30.420918,3.858631,3.393606,31.146163,0
2020-04-21,sh.603617,15.9500,16.2600,15.7000,16.0600,16.0200,2894862,46149294.0000,6.675900,1,0.249700,30.496875,3.868265,3.402079,31.223931,0
2020-04-22,sh.603617,16.0500,16.1800,15.8100,16.0500,16.0600,2103730,33765754.0000,4.851400,1,-0.062300,30.477886,3.865857,3.399961,31.204489,0
2020-04-23,sh.603617,16.1600,16.2800,15.6100,15.6500,16.0500,2536900,40366912.0000,5.850400,1,-2.492200,29.718312,3.769511,3.315227,30.426807,0
2020-04-24,sh.603617,15.8400,15.8400,15.0000,15.0800,15.6500,1899180,29016958.0000,4.379700,1,-3.642200,28.635920,3.632219,3.194481,29.318610,0
2020-04-27,sh.603617,15.0000,15.4300,14.9800,15.2800,15.0800,1529879,23357998.0000,3.528100,1,1.326300,29.015707,3.680392,3.236848,29.707451,0
2020-04-28,sh.603617,15.2000,15.3600,14.2500,14.8000,15.2800,2269540,33734909.0000,5.233800,1,-3.141400,28.104219,3.564777,3.135167,28.774233,0
2020-04-29,sh.603617,14.8000,15.1000,14.3000,14.4200,14.8000,1778970,26085392.0000,4.102500,1,-2.567600,27.382624,3.473249,3.054669,28.035435,0
2020-04-30,sh.603617,14.7900,14.7900,14.4900,14.6400,14.4200,1323920,19405669.0000,3.053100,1,1.525700,29.929866,3.422428,3.420627,10.836412,0
2020-05-06,sh.603617,14.6300,14.7600,14.3400,14.7300,14.6400,1112328,16218701.0000,2.565100,1,0.614700,30.113861,3.443467,3.441655,10.903030,0
2020-05-07,sh.603617,14.6100,15.0500,14.6100,14.9800,14.7300,1533260,22729224.0000,3.535900,1,1.697200,30.624959,3.501910,3.500067,11.088078,0
2020-05-08,sh.603617,14.9700,15.4400,14.9700,15.3500,14.9800,1790640,27303997.0000,4.129400,1,2.470000,31.381383,3.588406,3.586518,11.361949,0
2020-05-11,sh.603617,15.6000,15.6000,15.2600,15.4300,15.3500,1696834,26080802.0000,3.913100,1,0.521200,31.544934,3.607108,3.605209,11.421164,0
2020-05-12,sh.603617,15.5900,15.5900,15.3100,15.4600,15.4300,1071600,16559577.0000,2.471200,1,0.194400,31.606266,3.614121,3.612219,11.443370,0
2020-05-13,sh.603617,15.4300,16.2600,15.3100,16.1300,15.4600,3670964,58617845.0000,8.465600,1,4.333800,32.976007,3.770748,3.768764,11.939299,0
2020-05-14,sh.603617,16.1100,16.1900,15.7100,15.7400,16.1300,2406186,38265008.0000,5.548900,1,-2.417900,32.178695,3.679577,3.677641,11.650624,0
2020-05-15,sh.603617,11.1300,11.5500,11.0100,11.0900,11.1300,2993220,33864538.0000,4.930500,1,-0.359400,31.741196,3.629550,3.627640,11.492223,0
2020-05-18,sh.603617,11.1400,11.1500,10.7000,10.7800,11.0900,2368776,25847889.0000,3.901900,1,-2.795300,30.853931,3.528093,3.526236,11.170979,0
2020-05-19,sh.603617,10.7600,10.9700,10.6600,10.7700,10.7800,1451868,15650284.0000,2.391500,1,-0.092800,30.825309,3.524820,3.522965,11.160617,0
2020-05-20,sh.603617,10.7800,10.8000,10.4500,10.5500,10.7700,1881307,19946465.0000,3.098900,1,-2.042700,30.195637,3.452818,3.451001,10.932637,0
2020-05-21,sh.603617,10.7000,10.7000,10.3900,10.3900,10.5500,1414843,14857552.0000,2.330600,1,-1.516600,29.737694,3.400453,3.398663,10.766834,0
2020-05-22,sh.603617,10.4900,10.4900,10.1600,10.3000,10.3900,1429316,14744030.0000,2.354400,1,-0.866200,29.480101,3.370998,3.369224,10.673570,0
2020-05-25,sh.603617,10.3600,10.8200,10.2400,10.7600,10.3000,2394805,25362337.0000,3.944800,1,4.466000,30.796688,3.521547,3.519694,11.150254,0
2020-05-26,sh.603617,10.8200,10.8800,10.7000,10.8300,10.7600,1909580,20597910.0000,3.145500,1,0.650600,30.997038,3.544457,3.542591,11.222793,0
2020-05-27,sh.603617,10.8300,10.9500,10.7000,10.8300,10.8300,1214956,13113790.0000,2.001300,1,0.000000,30.997038,3.544457,3.542591,11.222793,0
2020-05-28,sh.603617,10.7900,10.9100,10.4100,10.5300,10.8300,3400453,36259422.0000,5.601300,1,-2.770100,30.138394,3.446272,3.444459,10.911912,0
2020-05-29,sh.603617,10.5300,10.7000,10.2300,10.6100,10.5300,3693732,38753696.0000,6.084400,1,0.759700,30.367366,3.472455,3.470627,10.994814,0
2020-06-01,sh.603617,10.6500,11.1000,10.5800,11.0900,10.6100,2951815,32299538.0000,4.862300,1,4.524000,31.741196,3.629550,3.627640,11.492223,0
2020-06-02,sh.603617,11.1500,11.2500,10.9500,11.0000,11.0900,2397889,26463706.0000,3.949800,1,-0.811500,31.483603,3.600095,3.598200,11.398958,0
2020-06-03,sh.603617,11.1100,11.1100,10.7300,10.7500,11.0000,2742732,29731730.0000,4.517900,1,-2.272700,30.768066,3.518274,3.516423,11.139891,0
2020-06-04,sh.603617,10.9500,11.1200,10.7700,10.9500,10.7500,2500316,27448684.0000,4.118600,1,1.860500,31.340495,3.583731,3.581845,11.347145,0
2020-06-05,sh.603617,10.9500,10.9700,10.6900,10.9100,10.9500,1887047,20402509.0000,3.056400,1,-0.365300,31.226009,3.570639,3.568760,11.305694,0
2020-06-08,sh.603617,10.8500,11.1100,10.7400,10.7900,10.9100,2953051,32117671.0000,4.783000,1,-1.099900,30.882552,3.531366,3.529507,11.181342,0
2020-06-09,sh.603617,10.7300,10.8800,10.6200,10.6600,10.7900,1700144,18188415.0000,2.753700,1,-1.204800,30.510473,3.488819,3.486983,11.046627,0
2020-06-10,sh.603617,10.6600,10.7300,10.5300,10.6000,10.6600,1109160,11787794.0000,1.796500,1,-0.562800,30.338744,3.469182,3.467356,10.984451,0
2020-06-11,sh.603617,10.6000,10.7000,10.4800,10.5000,10.6000,1422300,15058918.0000,2.303700,1,-0.943400,30.052530,3.436454,3.434645,10.880824,0
2020-06-12,sh.603617,10.3800,10.5400,10.2800,10.4800,10.5000,1870568,19480808.0000,3.029700,1,-0.190500,29.995287,3.429908,3.428103,10.860099,0
2020-06-15,sh.603617,10.4600,10.5800,10.3100,10.3600,10.4800,1618876,16846552.0000,2.622000,1,-1.145000,29.651829,3.390635,3.388850,10.735746,0
2020-06-16,sh.603617,10.3600,10.8000,10.3600,10.8000,10.3600,1881838,19657430.0000,3.048000,1,4.247100,30.911173,3.534638,3.532778,11.191705,0
2020-06-17,sh.603617,10.7500,10.8100,10.5000,10.7800,10.8000,2815083,30001704.0000,4.559500,1,-0.185200,30.853931,3.528093,3.526236,11.170979,0
2020-06-18,sh.603617,10.7400,10.7700,10.5700,10.6500,10.7800,2532784,27025528.0000,4.102300,1,-1.205900,30.481852,3.485546,3.483712,11.036264,0
2020-06-19,sh.603617,10.6300,10.6500,10.4000,10.4100,10.6500,2769859,28982279.0000,4.486300,1,-2.253500,29.794937,3.406999,3.405206,10.787560,0
2020-06-22,sh.603617,10.4000,10.5600,10.3200,10.4600,10.4100,2375607,24857812.0000,3.847700,1,0.480300,29.938044,3.423363,3.421561,10.839373,0
2020-06-23,sh.603617,10.5200,10.5200,10.3000,10.4400,10.4600,1586532,16461996.0000,2.569700,1,-0.191200,29.880801,3.416817,3.415019,10.818648,0
2020-06-24,sh.603617,10.4000,10.4800,10.3000,10.3600,10.4400,1498191,15502790.0000,2.426600,1,-0.766300,29.651829,3.390635,3.388850,10.735746,0
2020-06-29,sh.603617,10.4000,10.4500,10.2600,10.3800,10.3600,1003372,10364359.0000,1.625100,1,0.193100,29.709072,3.397180,3.395392,10.756472,0
2020-06-30,sh.603617,10.4000,10.4300,10.2300,10.3000,10.3800,2109896,21790879.0000,3.417300,1,-0.770700,29.480101,3.370998,3.369224,10.673570,0
2020-07-01,sh.603617,10.2900,10.3200,10.0900,10.1000,10.3000,2211571,22458928.0000,3.582000,1,-1.941700,28.907671,3.305541,3.303802,10.466316,0
2020-07-02,sh.603617,10.1200,10.2500,10.1100,10.2500,10.1000,1615748,16495181.0000,2.617000,1,1.485100,29.336993,3.354634,3.352868,10.621757,0
2020-07-03,sh.603617,10.2800,10.4900,10.1900,10.4600,10.2500,3022588,31289129.0000,4.895600,1,2.048800,29.938044,3.423363,3.421561,10.839373,0
2020-07-06,sh.603617,10.4700,10.7400,10.4200,10.7400,10.4600,4171531,44193510.0000,6.756500,1,2.676900,30.739445,3.515001,3.513152,11.129529,0
2020-07-07,sh.603617,10.7800,10.9400,10.6900,10.8100,10.7400,3577174,38689580.0000,5.793800,1,0.651800,30.932773,3.537108,3.535247,11.199525,0
2020-07-08,sh.603617,10.7500,11.8900,10.7300,11.8900,10.8100,11848624,136941139.0000,19.190900,1,9.990700,34.023189,3.890492,3.888444,12.318442,0
2020-07-09,sh.603617,11.9500,12.9600,11.8200,12.5100,11.8900,13881254,171035745.0000,22.483000,1,5.214500,35.797317,4.093360,4.091206,12.960783,0
2020-07-10,sh.603617,12.1700,12.4800,11.8900,12.3000,12.5100,9626794,116367621.0000,15.592200,1,-1.678700,35.196403,4.024647,4.022529,12.743216,0
2020-07-13,sh.603617,12.3100,12.6000,12.2000,12.4000,12.3000,8794248,108733149.0000,14.243800,1,0.813000,35.482552,4.057367,4.055232,12.846819,0
2020-07-14,sh.603617,12.3100,13.6400,12.2100,13.6400,12.4000,17031602,224640006.0000,27.585600,1,10.000000,39.030808,4.463104,4.460755,14.131501,0
2020-07-15,sh.603617,13.5300,13.5300,12.3800,13.1000,13.6400,12227837,159730129.0000,6.173000,1,-3.958900,37.485600,4.286412,4.284157,13.572043,0
2020-07-16,sh.603617,12.9900,13.4700,12.4500,12.8900,13.1000,5838556,76124093.0000,2.947500,1,-1.603100,36.884685,4.217699,4.215479,13.354475,0
2020-07-17,sh.603617,12.9000,13.0600,12.4800,12.8600,12.8900,5199770,66930665.0000,2.625000,1,-0.232700,36.798841,4.207883,4.205668,13.323394,0
2020-07-20,sh.603617,13.1700,13.2700,12.8000,13.1200,12.8600,4234564,55081351.0000,2.137800,1,2.021800,37.542830,4.292957,4.290697,13.592763,0
2020-07-21,sh.603617,13.1500,14.4200,12.8100,13.4000,13.1200,6966065,92905942.5700,3.516700,1,2.134100,38.344048,4.384575,4.382267,13.882853,0
2020-07-22,sh.603617,13.5400,13.5400,12.9000,13.0800,13.4000,4959802,64830447.6500,2.503900,1,-2.388100,37.428370,4.279868,4.277616,13.551322,0
2020-07-23,sh.603617,13.0100,13.1200,12.4100,12.6800,13.0800,5481517,69826231.6000,2.767300,1,-3.058100,36.283771,4.148985,4.146802,13.136908,0
2020-07-24,sh.603617,12.7400,12.8000,11.9500,12.3100,12.6800,4036564,49965450.2900,2.037800,1,-2.918000,35.225018,4.027919,4.025799,12.753576,0
2020-07-27,sh.603617,12.2800,12.3100,11.4400,11.5900,12.3100,3595227,42420264.9800,1.815000,1,-5.848900,33.164740,3.792330,3.790334,12.007632,0
2020-07-28,sh.603617,11.7500,11.7600,11.4000,11.5700,11.5900,2079190,24064858.7800,1.049600,1,-0.172600,33.107510,3.785786,3.783793,11.986911,0
2020-07-29,sh.603617,11.5800,12.0200,11.4900,11.9600,11.5700,3017635,35727646.2800,1.523400,1,3.370800,34.223494,3.913396,3.911337,12.390964,0
2020-07-30,sh.603617,11.9600,12.0800,11.7300,12.0600,11.9600,2760947,32936415.2200,1.393800,1,0.836100,34.509644,3.946117,3.944040,12.494567,0
2020-07-31,sh.603617,12.0800,12.2600,11.8500,11.9600,12.0600,3250192,39179021.3200,1.640800,1,-0.829200,34.223494,3.913396,3.911337,12.390964,0
2020-08-03,sh.603617,12.0000,12.1300,11.9100,12.0500,11.9600,3160700,37921100.2000,1.595600,1,0.752500,34.481029,3.942845,3.940770,12.484207,0
2020-08-04,sh.603617,12.1000,12.1000,11.7000,11.9900,12.0500,4206234,49753974.5600,2.123500,1,-0.497900,34.309339,3.923213,3.921148,12.422045,0
2020-08-05,sh.603617,12.0000,12.0300,11.8000,11.8000,11.9900,3666353,43646400.7400,1.850900,1,-1.584700,33.765655,3.861043,3.859011,12.225199,0
2020-08-06,sh.603617,11.8600,11.8800,11.5800,11.6000,11.8000,3277648,38221473.4700,1.654700,1,-1.694900,33.193355,3.795602,3.793604,12.017992,0
2020-08-07,sh.603617,11.5000,11.6500,11.1200,11.3000,11.6000,3053733,34602691.0200,1.541600,1,-2.586200,32.334907,3.697440,3.695494,11.707182,0
2020-08-10,sh.603617,11.2600,11.5000,11.2000,11.4000,11.3000,2245831,25462689.7800,1.133800,1,0.885000,32.621056,3.730160,3.728197,11.810785,0
2020-08-11,sh.603617,11.3800,11.4400,10.9600,10.9600,11.4000,2592688,29014965.4800,1.308900,1,-3.859600,31.361998,3.586189,3.584302,11.354930,0
2020-08-12,sh.603617,10.9300,11.0100,10.7100,10.9200,10.9600,1614596,17461707.9200,0.815100,1,-0.365000,31.247538,3.573101,3.571221,11.313489,0
2020-08-13,sh.603617,11.0300,11.4900,10.9600,11.3300,10.9200,4728856,53055220.2800,2.387300,1,3.754600,32.420751,3.707256,3.705305,11.738263,0
2020-08-14,sh.603617,11.3600,11.5800,11.1100,11.4000,11.3300,2782060,31668622.5300,1.404500,1,0.617800,32.621056,3.730160,3.728197,11.810785,0
2020-08-17,sh.603617,11.3800,11.5400,11.2800,11.4700,11.4000,2447489,27987331.5200,1.235600,1,0.614000,32.821361,3.753065,3.751090,11.883307,0
2020-08-18,sh.603617,11.4800,11.6900,11.3900,11.5200,11.4700,2408080,27725879.3100,1.215700,1,0.435900,32.964436,3.769425,3.767442,11.935109,0
2020-08-19,sh.603617,11.5500,11.9700,11.3300,11.7600,11.5200,4610339,53914109.5500,2.327500,1,2.083300,33.651195,3.847955,3.845930,12.183757,0
2020-08-20,sh.603617,11.6900,11.6900,11.4200,11.4700,11.7600,2427884,27970716.3600,1.225700,1,-2.466000,32.821361,3.753065,3.751090,11.883307,0
2020-08-21,sh.603617,11.4700,11.8000,11.4500,11.7900,11.4700,3262236,37933025.5200,1.646900,1,2.789900,33.737040,3.857771,3.855741,12.214838,0
2020-08-24,sh.603617,11.8000,12.0700,11.7300,11.9600,11.7900,4002127,47856338.0000,2.020400,1,1.441900,34.223494,3.913396,3.911337,12.390964,0
2020-08-25,sh.603617,12.0300,12.0500,11.7700,11.9000,11.9600,3324768,39530124.3200,1.678500,1,-0.501700,28.445415,3.796943,3.639938,16.765727,0
2020-08-26,sh.603617,11.8600,11.9700,11.5800,11.7000,11.9000,2887316,33964405.2800,1.457600,1,-1.680700,27.967340,3.733129,3.578763,16.483950,0
2020-08-27,sh.603617,11.8700,11.9000,11.5600,11.7800,11.7000,1971159,23148411.6400,0.995100,1,0.683800,28.158570,3.758655,3.603233,16.596660,0
2020-08-28,sh.603617,11.7900,11.8600,11.6600,11.7900,11.7800,1884931,22157575.3400,0.951600,1,0.084900,28.182474,3.761845,3.606292,16.610749,0
2020-08-31,sh.603617,11.7800,12.1300,11.7700,12.0600,11.7900,3760256,44995559.0800,1.898300,1,2.290100,28.827874,3.847994,3.688879,16.991148,0
2020-09-01,sh.603617,12.1600,12.3500,11.9000,12.3500,12.0600,3672341,44726275.4600,1.853900,1,2.404600,29.521082,3.940525,3.777583,17.399725,0
2020-09-02,sh.603617,12.4900,12.4900,12.0000,12.0500,12.3500,3315772,40559640.1400,1.673900,1,-2.429100,28.803970,3.844804,3.685820,16.977059,0
2020-09-03,sh.603617,12.1200,12.1900,11.7500,11.7900,12.0500,3106612,37124087.2400,1.568300,1,-2.157700,28.182474,3.761845,3.606292,16.610749,0
2020-09-04,sh.603617,11.6000,11.9400,11.5000,11.8800,11.7900,2042580,23977628.2000,1.031200,1,0.763400,28.397607,3.790562,3.633821,16.737549,0
2020-09-07,sh.603617,11.8900,12.3500,11.8300,12.0700,11.8800,4174732,50824630.8000,2.107600,1,1.599300,28.851778,3.851185,3.691937,17.005237,0
2020-09-08,sh.603617,12.1500,12.1700,11.7900,11.9800,12.0700,2584044,30739126.4400,1.304500,1,-0.745700,28.636644,3.822469,3.664408,16.878437,0
2020-09-09,sh.603617,11.9800,11.9800,11.6200,11.6800,11.9800,2171396,25583231.7600,1.096200,1,-2.504200,27.919533,3.726747,3.572645,16.455772,0
2020-09-10,sh.603617,11.7000,11.8200,11.2600,11.3500,11.6800,2921198,33510626.8000,1.474700,1,-2.825300,27.130711,3.621454,3.471706,15.990840,0
2020-09-11,sh.603617,11.3500,11.7700,11.1500,11.6900,11.3500,2801020,32485818.4000,1.414100,1,2.995600,27.943437,3.729938,3.575704,16.469861,0
2020-09-14,sh.603617,11.8300,12.2600,11.6300,12.1800,11.6900,5882184,70392561.3200,2.969500,1,4.191600,29.114719,3.886283,3.725584,17.160214,0
2020-09-15,sh.603617,12.1700,12.3000,12.0200,12.1000,12.1800,5222100,63398970.5200,2.636300,1,-0.656800,28.923489,3.860757,3.701114,17.047503,0
2020-09-16,sh.603617,12.0800,12.5200,11.8200,12.1600,12.1000,4497130,54443386.6100,2.270300,1,0.495900,29.066911,3.879901,3.719466,17.132037,0
2020-09-17,sh.603617,12.0100,12.1900,11.9000,11.9400,12.1600,3675464,44194722.8000,1.855500,1,-1.809200,28.541029,3.809706,3.652173,16.822082,0
2020-09-18,sh.603617,11.9500,12.1700,11.8300,12.1600,11.9400,3371851,40781705.9500,1.702200,1,1.842500,29.066911,3.879901,3.719466,17.132037,0
2020-09-21,sh.603617,12.2000,12.2500,11.9400,12.0000,12.1600,2258488,27225205.6800,1.140200,1,-1.315800,28.684452,3.828850,3.670526,16.906615,0
2020-09-22,sh.603617,11.9100,11.9100,11.5100,11.6000,12.0000,2559664,29904940.1600,1.292200,1,-3.333300,27.728303,3.701222,3.548175,16.343061,0
2020-09-23,sh.603617,11.6000,12.3000,11.5300,12.1200,11.6000,5904569,70882867.3500,2.980800,1,4.482800,28.971296,3.867139,3.707231,17.075681,0
2020-09-24,sh.603617,12.1200,12.2700,12.0100,12.2000,12.1200,6186380,75355071.2000,3.123100,1,0.660100,29.162526,3.892664,3.731701,17.188392,0
2020-09-25,sh.603617,12.3200,12.4300,11.8000,11.9600,12.2000,9405776,114469856.1700,4.748400,1,-1.967200,28.588837,3.816087,3.658291,16.850260,0
2020-09-28,sh.603617,11.9500,12.2100,11.6000,11.8000,11.9600,4517115,53528092.7200,2.280400,1,-1.337800,28.206378,3.765036,3.609351,16.624838,0
2020-09-29,sh.603617,11.6500,11.9900,11.5500,11.8500,11.8000,3377229,39757573.6100,1.704900,1,0.423700,28.325896,3.780990,3.624644,16.695282,0
2020-09-30,sh.603617,11.8000,12.3700,11.6600,12.2100,11.8500,8406418,102239804.2700,4.243900,1,3.038000,29.186430,3.895855,3.734760,17.202481,0
2020-10-09,sh.603617,12.2400,12.5700,12.1000,12.3400,12.2100,8042790,99031873.3000,4.060200,1,1.064700,29.497436,3.937369,3.774557,17.385788,0
2020-10-12,sh.603617,12.3800,12.6000,12.2500,12.4400,12.3400,9803172,122151977.8800,4.948900,1,0.810400,29.736475,3.969276,3.805145,17.526677,0
2020-10-13,sh.603617,12.5000,12.6400,12.2800,12.5500,12.4400,10835425,135447846.0800,5.470100,1,0.884200,29.999418,4.004374,3.838792,17.681656,0
2020-10-14,sh.603617,12.4500,12.4500,12.0600,12.3200,12.5500,5607478,68813909.1000,2.830800,1,-1.832700,29.449628,3.930987,3.768440,17.357610,0
2020-10-15,sh.603617,12.3100,12.8000,12.1200,12.7200,12.3200,10995205,138450644.8500,5.550700,1,3.246800,30.405785,4.058617,3.890792,17.921168,0
2020-10-16,sh.603617,12.7200,12.7400,12.3000,12.5300,12.7200,7580307,94648513.0800,3.826800,1,-1.493700,29.951610,3.997993,3.832674,17.653478,0
2020-10-19,sh.603617,12.5400,12.6100,12.3500,12.4000,12.5300,3701389,46075959.7100,1.868600,1,-1.037500,29.640859,3.956513,3.792910,17.470321,0
2020-10-20,sh.603617,12.3100,12.5500,12.1100,12.4800,12.4000,5895725,72919803.0500,2.976300,1,0.645200,29.832090,3.982039,3.817380,17.583033,0
2020-10-21,sh.603617,12.5600,12.5800,12.2000,12.2900,12.4800,3282722,40583971.6700,1.657200,1,-1.522400,29.377916,3.921415,3.759263,17.315343,0
2020-10-22,sh.603617,12.2700,12.3500,12.0000,12.1500,12.2900,3731980,45491700.3000,1.884000,1,-1.139100,29.043261,3.876745,3.716440,17.118097,0
2020-10-23,sh.603617,12.1800,12.2900,11.9200,12.1000,12.1500,3008019,36371669.0500,1.518500,1,-0.411500,28.923742,3.860791,3.701146,17.047652,0
2020-10-26,sh.603617,12.1000,12.2900,12.0100,12.2900,12.1000,2070616,25239517.4400,1.045300,1,1.570200,29.377916,3.921415,3.759263,17.315343,0
2020-10-27,sh.603617,12.2500,12.5500,12.2300,12.4700,12.2900,3960411,49268033.5200,1.999300,1,1.464600,29.808187,3.978848,3.814322,17.568944,0
2020-10-28,sh.603617,12.5300,12.7800,12.1000,12.2800,12.4700,3959074,48803916.9300,1.998700,1,-1.523700,27.367042,3.800538,3.557397,13.336516,0
2020-10-29,sh.603617,12.2000,12.4900,12.1000,12.4200,12.2800,2870620,35417084.9700,1.449200,1,1.140100,27.679045,3.843867,3.597953,13.488561,0
2020-10-30,sh.603617,12.4100,12.4800,12.0000,12.1600,12.4200,3258048,39716286.9200,1.644800,1,-2.093400,27.099612,3.763399,3.522634,13.206192,0
2020-11-02,sh.603617,12.1700,12.6000,12.1100,12.4400,12.1600,5315868,66042409.3100,2.683600,1,2.302600,27.723616,3.850056,3.603747,13.510282,0
2020-11-03,sh.603617,12.5300,12.5500,12.3200,12.3900,12.4400,4374797,54467229.7200,2.208500,1,-0.401900,27.612187,3.834582,3.589263,13.455980,0
2020-11-04,sh.603617,12.4000,12.5500,12.2500,12.5000,12.3900,4636024,57613167.3600,2.340400,1,0.887800,27.857331,3.868626,3.621128,13.575444,0
2020-11-05,sh.603617,12.5500,12.8400,12.5000,12.6900,12.5000,8744396,111012175.9200,4.414400,1,1.520000,28.280763,3.927429,3.676170,13.781791,0
2020-11-06,sh.603617,12.6900,12.8300,12.5700,12.7000,12.6900,5349712,67952676.4700,2.700700,1,0.078800,28.302381,3.930431,3.678980,13.792326,0
2020-11-09,sh.603617,12.7800,12.9700,12.5300,12.6600,12.7000,5973311,75870713.2800,3.015500,1,-0.315000,28.213240,3.918052,3.667392,13.748885,0
2020-11-10,sh.603617,12.6300,12.8500,12.4100,12.8200,12.6600,4494361,57044661.2200,2.268900,1,1.263800,28.569805,3.967569,3.713742,13.922647,0
2020-11-11,sh.603617,12.7700,13.2000,12.7300,13.1200,12.8200,10555628,137181327.9100,5.328800,1,2.340100,29.238366,4.060414,3.800647,14.248450,0
2020-11-12,sh.603617,13.0500,13.6600,12.9200,13.5700,13.1200,12813543,171266936.5000,6.468700,1,3.429900,30.241206,4.199681,3.931004,14.737154,0
2020-11-13,sh.603617,13.5700,14.9300,12.4700,12.5700,13.5700,17858089,237851578.8600,9.015300,1,-7.369200,28.012672,3.890198,3.641321,13.651144,0
2020-11-16,sh.603617,12.5300,12.7700,11.8500,11.9800,12.5700,9535113,115008195.9800,4.813600,1,-4.693700,26.697837,3.707603,3.470408,13.010398,0
2020-11-17,sh.603617,12.0700,12.0700,11.8200,11.9000,11.9800,3616319,43138792.9000,1.825600,1,-0.667800,26.519554,3.682845,3.447233,12.923518,0
2020-11-18,sh.603617,11.9500,12.1000,11.9100,12.0300,11.9000,2700032,32424557.0800,1.363100,1,1.092400,26.809264,3.723078,3.484892,13.064699,0
2020-11-19,sh.603617,12.0700,12.2000,11.8000,12.1700,12.0300,4044543,48725545.9400,2.041800,1,1.163800,27.121258,3.766405,3.525448,13.216740,0
2020-11-20,sh.603617,12.1600,12.3200,12.0100,12.2600,12.1700,3758981,45893142.9100,1.897600,1,0.739500,27.321826,3.794259,3.551519,13.314481,0
2020-11-23,sh.603617,12.2100,12.4200,12.0800,12.3600,12.2600,3605000,44321535.7600,1.819900,1,0.815700,27.544680,3.825207,3.580487,13.423082,0
2020-11-24,sh.603617,12.3200,12.3900,12.1500,12.1700,12.3600,2786416,34127230.2000,1.406700,1,-1.537200,27.121258,3.766405,3.525448,13.216740,0
2020-11-25,sh.603617,12.2700,12.3100,12.0500,12.2700,12.1700,2789340,33919819.1600,1.408100,1,0.821700,27.344112,3.797353,3.554416,13.325341,0
2020-11-26,sh.603617,12.2200,12.3900,12.0600,12.2700,12.2700,4016608,48986267.0300,2.027700,1,0.000000,27.344112,3.797353,3.554416,13.325341,0
2020-11-27,sh.603617,12.2800,12.3500,12.1400,12.2600,12.2700,3043693,37208209.8700,1.536500,1,-0.081500,27.321826,3.794259,3.551519,13.314481,0
2020-11-30,sh.603617,12.2300,12.3100,12.1300,12.1700,12.2600,2109808,25801078.9200,1.065100,1,-0.734100,27.121258,3.766405,3.525448,13.216740,0
2020-12-01,sh.603617,12.1500,12.3000,12.0600,12.1500,12.1700,2213435,26918979.7500,1.117400,1,-0.164300,27.076688,3.760216,3.519654,13.195020,0
2020-12-02,sh.603617,12.1400,12.4100,12.0800,12.3800,12.1500,3224389,39567420.4100,1.627800,1,1.893000,27.589250,3.831397,3.586281,13.444802,0
2020-12-03,sh.603617,12.2800,12.4500,12.2600,12.3800,12.3800,3099892,38331163.1100,1.564900,1,0.000000,27.589250,3.831397,3.586281,13.444802,0
2020-12-04,sh.603617,12.3800,12.6300,12.3700,12.5700,12.3800,4331040,54216117.4200,2.186400,1,1.534700,28.012672,3.890198,3.641321,13.651144,0
2020-12-07,sh.603617,12.5500,12.8800,12.4400,12.7000,12.5700,4331244,54968094.2500,2.186500,1,1.034200,28.302381,3.930431,3.678980,13.792326,0
2020-12-08,sh.603617,12.7000,12.8900,12.5500,12.6900,12.7000,3417788,43435520.7000,1.725400,1,-0.078700,28.280096,3.927336,3.676083,13.781466,0
2020-12-09,sh.603617,12.7000,12.7500,12.4200,12.5400,12.6900,1456168,18295383.1600,0.735100,1,-1.182000,27.945816,3.880914,3.632630,13.618564,0
2020-12-10,sh.603617,12.5100,12.6400,12.4100,12.5200,12.5400,2104288,26398540.3600,1.062300,1,-0.159500,27.901245,3.874724,3.626837,13.596844,0
2020-12-11,sh.603617,12.5600,12.6500,12.1600,12.3500,12.5200,3035370,37522755.9900,1.532300,1,-1.357800,27.522394,3.822112,3.577591,13.412222,0
2020-12-14,sh.603617,12.5600,12.6000,12.2600,12.3800,12.3500,2817047,35033244.3800,1.422100,1,0.242900,27.589250,3.831397,3.586281,13.444802,0
2020-12-15,sh.603617,12.3900,12.4800,12.1100,12.3400,12.3800,2076760,25496925.2000,1.048400,1,-0.323100,27.500109,3.819017,3.574694,13.401362,0
2020-12-16,sh.603617,12.3000,12.6200,12.2600,12.5700,12.3400,3600636,44839590.2000,1.817700,1,1.863900,28.012672,3.890198,3.641321,13.651144,0
2020-12-17,sh.603617,12.5000,12.7500,12.4500,12.7500,12.5700,4757320,60029226.8000,2.401600,1,1.432000,28.413808,3.945905,3.693464,13.846626,0
2020-12-18,sh.603617,12.6200,12.8800,12.6000,12.8500,12.7500,4767896,60823895.0000,2.407000,1,0.784300,28.636661,3.976853,3.722432,13.955227,0
2020-12-21,sh.603617,12.7900,12.9400,12.6700,12.8400,12.8500,4622768,59172063.4100,2.333700,1,-0.077800,28.614376,3.973759,3.719535,13.944367,0
2020-12-22,sh.603617,12.8000,13.0000,12.5000,12.8000,12.8400,5087501,64793511.9900,2.568300,1,-0.311500,28.525235,3.961379,3.707948,13.900927,0
2020-12-23,sh.603617,12.8100,12.8100,12.5100,12.6700,12.8000,3090943,39098942.6200,1.560400,1,-1.015600,28.235809,3.921186,3.670326,13.759884,0
2020-12-24,sh.603617,12.6800,12.6800,12.3000,12.4900,12.6700,2738928,34084323.2400,1.382700,1,-1.420700,27.834669,3.865479,3.618183,13.564400,0
2020-12-25,sh.603617,12.4000,12.7800,12.3300,12.7100,12.4900,3477144,43837019.9800,1.755400,1,1.761400,28.324951,3.933565,3.681914,13.803324,0
2020-12-28,sh.603617,12.6400,12.8800,12.4200,12.6600,12.7100,4215856,53477123.6000,2.128300,1,-0.393400,28.213523,3.918091,3.667429,13.749023,0
2020-12-29,sh.603617,12.6700,12.6700,12.2000,12.3000,12.6600,4459409,55116821.1200,2.251200,1,-2.843600,27.411243,3.806676,3.563142,13.358056,0
2020-12-30,sh.603617,12.2500,12.2900,11.0700,11.0700,12.3000,4952996,57331258.1600,2.500400,1,-10.000000,24.670119,3.426009,3.206828,12.022250,0
2020-12-31,sh.603617,9.9600,9.9600,9.9600,9.9600,11.0700,2483300,24733668.0000,1.253600,1,-10.027100,22.196421,3.082479,2.885276,10.816767,0
2021-01-04,sh.603617,8.9600,9.9500,8.9600,9.3600,9.9600,17181475,158368050.1800,8.673600,1,-6.024100,20.859287,2.896788,2.711464,10.165155,0
2021-01-05,sh.603617,9.0100,9.1100,8.9000,9.0500,9.3600,8717142,78547314.2400,4.400600,1,-3.312000,20.168435,2.800847,2.621662,9.828488,0
2021-01-06,sh.603617,9.0600,9.6500,9.0100,9.5100,9.0500,7562208,70600715.3600,3.817600,1,5.082900,21.193571,2.943211,2.754917,10.328058,0
2021-01-07,sh.603617,9.5400,10.1500,9.5400,10.0900,9.5100,7897659,78257441.6500,3.986900,1,6.098800,22.486134,3.122712,2.922935,10.957950,0
2021-01-08,sh.603617,10.2700,10.2700,9.2400,9.7800,10.0900,4379686,42736600.9800,2.211000,1,-3.072300,21.795281,3.026772,2.833133,10.621283,0
2021-01-11,sh.603617,9.5500,9.7800,9.3100,9.3300,9.7800,3273580,30974002.8000,1.652600,1,-4.601200,20.792431,2.887503,2.702774,10.132574,0
2021-01-12,sh.603617,9.3800,9.6700,9.2800,9.4900,9.3300,1890400,17972515.6000,0.954300,1,1.714900,21.149000,2.937021,2.749124,10.306337,0
2021-01-13,sh.603617,9.4900,9.6600,9.3100,9.4500,9.4900,2197912,20827598.0800,1.109600,1,-0.421500,21.059857,2.924641,2.737536,10.262897,0
2021-01-14,sh.603617,9.3800,9.5400,9.3400,9.4200,9.4500,1490468,14073856.8000,0.752400,1,-0.317500,20.993001,2.915357,2.728845,10.230316,0
2021-01-15,sh.603617,9.4800,9.5500,9.3400,9.5400,9.4200,1634220,15498204.6000,0.825000,1,1.273900,21.260428,2.952495,2.763608,10.360638,0
