date,code,open,high,low,close,preclose,volume,amount,turn,tradestatus,pctChg,peTTM,pbMRQ,psTTM,pcfNcfTTM,isST
2012-03-09,sz.002662,21.5000,22.0000,20.6100,21.3800,20.0000,34195586,723875267.3600,56.992643,1,6.899996,20.869293,7.764254,4.575478,-183.437295,0
2012-03-12,sz.002662,22.2200,22.6800,21.6700,22.0300,21.3800,33115695,734390278.6400,55.192825,1,3.040200,21.503766,8.000305,4.714583,-189.014200,0
2012-03-13,sz.002662,22.1600,23.8700,21.7100,23.2900,22.0300,26994084,612297333.7200,44.990140,1,5.719500,22.733668,8.457881,4.984232,-199.824817,0
2012-03-14,sz.002662,22.9500,23.1800,21.1800,21.8300,23.2900,22232260,499771377.7500,37.053767,1,-6.268800,21.308544,7.927674,4.671781,-187.298230,0
2012-03-15,sz.002662,21.5500,22.0900,21.3400,21.5100,21.8300,11180437,242611562.9200,18.634062,1,-1.465900,20.996188,7.811465,4.603299,-184.552676,0
2012-03-16,sz.002662,21.6500,21.8400,20.7100,21.2600,21.5100,11894755,252785187.6800,19.824592,1,-1.162300,20.752159,7.720676,4.549797,-182.407712,0
2012-03-19,sz.002662,21.0000,21.7500,20.8100,21.4800,21.2600,8701491,185122443.9300,14.502485,1,1.034800,20.966904,7.800570,4.596879,-184.295280,0
2012-03-20,sz.002662,21.2600,21.2800,20.6600,20.6900,21.4800,6908772,144662808.2000,11.514620,1,-3.677800,20.195775,7.513678,4.427813,-177.517195,0
2012-03-21,sz.002662,20.8700,20.8800,19.9300,20.1400,20.6900,7879736,159880977.7500,13.132893,1,-2.658300,19.658913,7.313942,4.310109,-172.798275,0
2012-03-22,sz.002662,20.0000,20.6100,19.9400,20.3600,20.1400,4825983,98415318.3100,8.043305,1,1.092400,19.873658,7.393836,4.357191,-174.685843,0
2012-03-23,sz.002662,20.2800,20.6500,20.0100,20.4500,20.3600,4751449,96646819.5400,7.919082,1,0.442000,19.961508,7.426520,4.376451,-175.458030,0
2012-03-26,sz.002662,20.3500,20.6000,20.1000,20.2100,20.4500,2802921,56848391.0200,4.671535,1,-1.173600,19.727241,7.339363,4.325089,-173.398865,0
2012-03-27,sz.002662,20.3500,20.4700,20.1300,20.1500,20.2100,2898862,58826890.0500,4.831437,1,-0.296900,19.668674,7.317574,4.312249,-172.884074,0
2012-03-28,sz.002662,20.0300,20.1200,18.5000,18.7600,20.1500,6466246,123754059.1700,10.777077,1,-6.898300,18.311877,6.812788,4.014779,-160.958075,0
2012-03-29,sz.002662,18.5100,18.5900,17.6100,17.7000,18.7600,4827123,87367053.5400,8.045205,1,-5.650300,17.277198,6.427844,3.787931,-151.863429,0
2012-03-30,sz.002662,17.8000,17.9000,17.2000,17.4800,17.7000,3753683,66234328.8900,6.256138,1,-1.242900,17.062453,6.347950,3.740849,-149.975861,0
2012-04-05,sz.002662,17.6700,18.1800,17.3600,18.0700,17.4800,3688350,66263107.9500,6.147250,1,3.375300,17.638359,6.562211,3.867114,-155.037976,0
2012-04-06,sz.002662,18.0300,18.4800,17.8600,18.2500,18.0700,3793838,69178013.0200,6.323063,1,0.996100,17.814060,6.627579,3.905635,-156.582349,0
2012-04-09,sz.002662,18.3600,18.3900,17.9100,17.9800,18.2500,2228047,40303403.2400,3.713412,1,-1.479500,17.550509,6.529527,3.847853,-154.265789,0
2012-04-10,sz.002662,17.9000,18.7600,17.8200,18.7200,17.9800,4768422,87918558.4300,7.947370,1,4.115700,18.272833,6.798262,4.006218,-160.614881,0
2012-04-11,sz.002662,18.4600,19.0800,18.3500,18.8800,18.7200,4523535,85022295.3900,7.539225,1,0.854700,18.429011,6.856367,4.040460,-161.987658,0
2012-04-12,sz.002662,18.8900,18.9600,18.5300,18.9300,18.8800,2915396,54837200.3300,4.858993,1,0.264800,18.477816,6.874525,4.051160,-162.416651,0
2012-04-13,sz.002662,18.9300,19.0800,18.7000,18.8500,18.9300,2355756,44505099.3300,3.926260,1,-0.422600,18.399727,6.845472,4.034039,-161.730262,0
2012-04-16,sz.002662,18.7300,19.0500,18.5700,18.9800,18.8500,2295414,43120260.2100,3.825690,1,0.689700,18.526622,6.892682,4.061860,-162.845643,0
2012-04-17,sz.002662,19.0200,19.2800,18.6200,18.6700,18.9800,2609920,49524232.0800,4.349867,1,-1.633300,17.190801,2.402398,3.741835,4.013911,0
2012-04-18,sz.002662,18.6500,19.8300,18.6500,19.6900,18.6700,4933992,96030139.2200,8.223320,1,5.463300,18.129988,2.533648,3.946263,4.233204,0
2012-04-19,sz.002662,19.6000,19.8500,19.4700,19.6900,19.6900,2966104,58332864.7400,4.943507,1,0.000000,18.129988,2.533648,3.946263,4.233204,0
2012-04-20,sz.002662,19.6400,19.8200,19.5000,19.7100,19.6900,2328998,45760332.7800,3.881663,1,0.101600,18.148404,2.536222,3.950271,4.237503,0
2012-04-23,sz.002662,19.7200,19.9800,19.1800,19.2300,19.7100,3289422,64621540.0700,5.482370,1,-2.435300,17.706433,2.474457,3.854070,4.134307,0
2012-04-24,sz.002662,19.0600,19.3500,18.2000,18.7100,19.2300,3464726,65086210.9500,5.774543,1,-2.704100,17.227632,2.407545,3.749851,4.022511,0
2012-04-25,sz.002662,18.6300,18.7900,18.3100,18.6800,18.7100,2185630,40437514.3300,3.642717,1,-0.160300,17.200009,2.403685,3.743839,4.016061,0
2012-04-26,sz.002662,18.6700,18.8700,18.5000,18.6200,18.6800,1695801,31676310.8600,2.826335,1,-0.321200,17.144763,2.395964,3.731814,4.003162,0
2012-04-27,sz.002662,18.6500,19.0000,18.5400,18.7600,18.6200,1355696,25509031.4500,2.259493,1,0.751900,17.273671,2.413979,3.759872,4.033261,0
2012-05-02,sz.002662,19.0800,19.5700,18.7700,19.3900,18.7600,2363328,45684185.5300,3.938880,1,3.358200,17.853757,2.495045,3.886137,4.168706,0
2012-05-03,sz.002662,19.3000,19.6800,19.1800,19.5600,19.3900,2160988,41952958.7900,3.601647,1,0.876700,18.010288,2.516920,3.920208,4.205255,0
2012-05-04,sz.002662,19.5100,19.7500,19.4000,19.6100,19.5600,2480375,48515144.9200,4.133958,1,0.255600,18.056326,2.523354,3.930229,4.216004,0
2012-05-07,sz.002662,19.2000,20.2600,18.6000,20.0000,19.6100,9068466,176772352.0600,15.114110,1,1.988800,18.415427,2.573538,4.008393,4.299851,0
2012-05-08,sz.002662,19.7800,20.4500,19.3600,20.0100,20.0000,7249498,144820330.3200,12.082497,1,0.050000,18.424635,2.574825,4.010397,4.302001,0
2012-05-09,sz.002662,19.8000,20.0800,19.1300,19.1500,20.0100,5214566,102001170.5200,8.690943,1,-4.297900,17.632772,2.464163,3.838036,4.117108,0
2012-05-10,sz.002662,19.1400,19.6300,18.7700,19.4000,19.1500,5025564,96271459.1600,8.375940,1,1.305500,17.862964,2.496332,3.888141,4.170856,0
2012-05-11,sz.002662,19.4800,20.3400,19.4700,19.9600,19.4000,7036068,140847142.5400,11.726780,1,2.886600,18.378596,2.568391,4.000376,4.291252,0
2012-05-14,sz.002662,20.1900,21.8700,19.9700,20.9600,19.9600,11136794,233025787.2000,18.561323,1,5.010000,19.299368,2.697068,4.200795,4.506244,0
2012-05-15,sz.002662,20.6800,21.6000,20.5500,21.1500,20.9600,6507454,137602528.1800,10.845757,1,0.906500,19.474314,2.721517,4.238875,4.547093,0
2012-05-16,sz.002662,20.9900,21.1500,19.8400,20.6000,21.1500,4111816,85209316.3500,6.853027,1,-2.600500,18.967890,2.650744,4.128644,4.428847,0
2012-05-17,sz.002662,20.7000,21.5500,20.7000,21.3000,20.6000,5219781,110285057.3600,8.699635,1,3.398100,19.612430,2.740818,4.268938,4.579342,0
2012-05-18,sz.002662,21.1000,22.3600,21.0300,21.7300,21.3000,7641544,166828406.6300,12.735907,1,2.018800,20.008362,2.796149,4.355119,4.671788,0
2012-05-21,sz.002662,21.8500,22.2000,21.4800,21.7900,21.7300,3060376,66545453.2800,5.100627,1,0.276100,20.063608,2.803870,4.367144,4.684688,0
2012-05-22,sz.002662,21.8000,22.2000,21.3000,21.7500,21.7900,3230581,70029120.8500,5.384302,1,-0.183600,20.026777,2.798723,4.359127,4.676088,0
2012-05-23,sz.002662,21.6100,22.1800,21.5600,22.0200,21.7500,3026889,66532818.2300,5.044815,1,1.241400,20.275385,2.833465,4.413240,4.734136,0
2012-05-24,sz.002662,21.8800,22.1700,21.4300,21.5800,22.0200,2117144,46054767.9700,3.528573,1,-1.998200,19.870246,2.776848,4.325056,4.639540,0
2012-05-25,sz.002662,21.5800,21.7700,20.7200,21.7700,21.5800,2714640,57230145.1500,4.524400,1,0.880400,20.045193,2.801296,4.363135,4.680388,0
2012-05-28,sz.002662,21.3600,21.3600,20.7000,20.9900,21.7700,2514614,52647212.4800,4.191023,1,-3.582900,19.326991,2.700928,4.206808,4.512694,0
2012-05-29,sz.002662,20.9500,21.3900,20.9400,21.0800,20.9900,2120612,44834244.0300,3.534353,1,0.428800,19.409860,2.712509,4.224846,4.532043,0
2012-05-30,sz.002662,21.0800,21.0800,21.0800,21.0800,21.0800,0,0.0000,,0,0.000000,19.409860,2.712509,4.224846,4.532043,0
2012-05-31,sz.002662,20.9900,22.1000,20.7800,21.8200,21.0800,3156443,68464480.6700,5.260738,1,3.510400,20.091231,2.807730,4.373156,4.691138,0
2012-06-01,sz.002662,21.8200,21.8200,21.0000,21.2000,21.8200,2456430,52629117.2800,4.094050,1,-2.841400,19.520353,2.727950,4.248896,4.557842,0
2012-06-04,sz.002662,20.8600,21.0500,20.0300,20.0900,21.2000,2094472,43035528.5800,3.490787,1,-5.235800,18.498297,2.585119,4.026430,4.319201,0
2012-06-05,sz.002662,20.0900,20.4800,20.0700,20.4300,20.0900,1432289,29053163.8000,2.387148,1,1.692400,18.811359,2.628869,4.094573,4.392298,0
2012-06-06,sz.002662,20.4000,20.9400,20.0000,20.7200,20.4300,1540112,31896259.9000,2.567123,1,1.419500,19.078383,2.666185,4.152695,4.454646,0
2012-06-07,sz.002662,20.8200,21.1100,20.6400,20.7100,20.7200,1096446,22885005.8100,1.827602,1,-0.048300,19.069175,2.664899,4.150691,4.452496,0
2012-06-08,sz.002662,20.9200,21.5900,20.7100,20.9000,20.7100,1725394,36528935.6900,2.875959,1,0.917400,19.244122,2.689347,4.188770,4.493345,0
2012-06-11,sz.002662,20.9300,21.2000,20.6000,21.0000,20.9000,2641598,55036527.9700,3.522427,1,0.478500,19.336199,2.702215,4.208812,4.514844,0
2012-06-12,sz.002662,20.9500,21.6500,20.8000,21.1300,21.0000,1708045,36454133.5000,2.277585,1,0.619000,19.455899,2.718943,4.234867,4.542793,0
2012-06-13,sz.002662,21.1300,22.0900,21.1300,21.9000,21.1300,2892770,62927387.8500,3.857351,1,3.644100,20.164893,2.818024,4.389190,4.708337,0
2012-06-14,sz.002662,21.8000,22.6700,21.6600,22.1400,21.9000,2521894,56170483.7600,3.362808,1,1.095900,20.385878,2.848907,4.437291,4.759935,0
2012-06-15,sz.002662,22.4000,22.4600,21.6700,21.9200,22.1400,1354943,29703002.6900,1.806742,1,-0.993700,20.183308,2.820598,4.393198,4.712637,0
2012-06-18,sz.002662,21.9400,22.2000,21.8500,22.0000,21.9200,1083255,23821906.0500,1.444461,1,0.365000,20.256970,2.830892,4.409232,4.729836,0
2012-06-19,sz.002662,22.0000,22.1000,21.5800,22.0600,22.0000,1280478,27988082.3800,1.707447,1,0.272700,20.312216,2.838613,4.421257,4.742736,0
2012-06-20,sz.002662,22.0800,22.6100,21.9100,22.2700,22.0600,1832816,40859919.0500,2.443960,1,0.951900,20.505578,2.865635,4.463345,4.787884,0
2012-06-21,sz.002662,22.2700,22.2800,21.2700,21.3800,22.2700,1720024,37184128.3400,2.293558,1,-3.996400,19.686092,2.751112,4.284972,4.596541,0
2012-06-25,sz.002662,21.1600,21.4500,20.5000,20.5000,21.3800,1475054,31021390.0900,1.966904,1,-4.116000,18.875813,2.637877,4.108602,4.407348,0
2012-06-26,sz.002662,20.5500,20.9600,20.3700,20.8800,20.5000,1002018,20754660.5100,1.336136,1,1.853700,19.225706,2.686774,4.184762,4.489045,0
2012-06-27,sz.002662,20.5800,21.2100,20.5800,20.8900,20.8800,1031956,21637831.3600,1.376057,1,0.047900,19.234914,2.688061,4.186766,4.491195,0
2012-06-28,sz.002662,21.0800,21.6700,20.8700,21.2300,20.8900,1501615,32094965.9900,2.002322,1,1.627600,19.547976,2.731811,4.254909,4.564292,0
2012-06-29,sz.002662,21.0400,21.4800,21.0200,21.3900,21.2300,663281,14099862.7200,0.884449,1,0.753700,19.695299,2.752399,4.286976,4.598691,0
2012-07-02,sz.002662,21.4800,21.4800,20.5000,20.6800,21.3900,2357222,49289649.0600,3.143227,1,-3.319300,19.041552,2.661038,4.144678,4.446046,0
2012-07-03,sz.002662,20.6000,21.2000,20.3500,21.1500,20.6800,3374532,70509953.3600,4.499754,1,2.272700,19.474314,2.721517,4.238875,4.547093,0
2012-07-04,sz.002662,21.1500,21.4500,20.9700,21.0200,21.1500,1856307,39418613.6500,2.475284,1,-0.614700,19.354614,2.704789,4.212821,4.519144,0
2012-07-05,sz.002662,20.8000,21.3400,20.7200,21.3300,21.0200,1716083,36046962.7100,2.288303,1,1.474800,19.640053,2.744678,4.274951,4.585791,0
2012-07-06,sz.002662,21.4800,21.8500,20.9600,21.6500,21.3300,1580495,33754248.2700,2.107504,1,1.500200,19.934700,2.785855,4.339085,4.654589,0
2012-07-09,sz.002662,21.5500,22.0800,21.4000,21.9800,21.6500,4008561,87551475.4100,5.345197,1,1.524200,20.238555,2.828318,4.405224,4.725537,0
2012-07-10,sz.002662,21.8100,21.9400,20.4600,20.8000,21.9800,4192156,88498273.2500,5.590011,1,-5.368500,19.152044,2.676480,4.168728,4.471845,0
2012-07-11,sz.002662,20.5200,20.7800,19.8800,20.1300,20.8000,2766716,55934704.8200,3.689265,1,-3.221200,18.535128,2.590266,4.034447,4.327800,0
2012-07-12,sz.002662,20.2700,20.3500,19.4700,19.9500,20.1300,4015888,79674106.6700,5.354967,1,-0.894200,18.369389,2.567104,3.998372,4.289102,0
2012-07-13,sz.002662,19.9000,20.1100,19.6000,19.7800,19.9500,1146853,22800394.3700,1.529266,1,-0.852100,18.212858,2.545229,3.964300,4.252553,0
2012-07-16,sz.002662,19.6000,19.6000,18.8000,19.0900,19.7800,1883171,36061125.8400,2.511106,1,-3.488400,17.577525,2.456442,3.826011,4.104208,0
2012-07-17,sz.002662,19.3000,19.8800,18.9100,19.8100,19.0900,978445,18961048.5500,1.304703,1,3.771600,18.240481,2.549090,3.970313,4.259003,0
2012-07-18,sz.002662,19.6100,19.9300,19.5000,19.9300,19.8100,623204,12281283.3400,0.831008,1,0.605800,18.350973,2.564531,3.994363,4.284802,0
2012-07-19,sz.002662,19.8800,20.7000,19.8800,20.2000,19.9300,1523654,31042184.4800,2.031709,1,1.354700,18.599582,2.599274,4.048477,4.342850,0
2012-07-20,sz.002662,20.2000,20.3900,19.2500,19.5400,20.2000,1166931,22984070.3300,1.556039,1,-3.267300,17.991872,2.514347,3.916200,4.200955,0
2012-07-23,sz.002662,19.2000,19.5400,18.9200,19.3800,19.5400,583123,11225301.8600,0.777563,1,-0.818800,17.844549,2.493758,3.884132,4.166556,0
2012-07-24,sz.002662,19.1000,20.1000,19.0000,19.8800,19.3800,1275844,25301977.2400,1.701268,1,2.580000,18.304935,2.558097,3.984342,4.274052,0
2012-07-25,sz.002662,19.6800,20.2800,19.6000,19.9500,19.8800,696144,13982098.7200,0.928270,1,0.352100,18.369389,2.567104,3.998372,4.289102,0
2012-07-26,sz.002662,19.9400,20.2900,19.6200,19.8700,19.9500,756799,15107111.5000,1.009150,1,-0.401000,18.295727,2.556810,3.982338,4.271902,0
2012-07-27,sz.002662,20.0400,20.1900,19.9200,19.9700,19.8700,553796,11112209.3100,0.738457,1,0.503300,18.387804,2.569678,4.002380,4.293402,0
2012-07-30,sz.002662,20.1700,20.5900,20.0200,20.2300,19.9700,780100,15842981.1500,1.040221,1,1.302000,18.627205,2.603134,4.054489,4.349300,0
2012-07-31,sz.002662,20.1300,20.4600,19.7700,20.0900,20.2300,527304,10563127.5500,0.703131,1,-0.692000,18.498297,2.585119,4.026430,4.319201,0
2012-08-01,sz.002662,20.2000,20.4700,20.1100,20.2000,20.0900,376374,7628921.2700,0.501874,1,0.547500,18.599582,2.599274,4.048477,4.342850,0
2012-08-02,sz.002662,20.2100,20.3200,19.9000,19.9300,20.2000,436050,8747026.8200,0.581449,1,-1.336600,18.350973,2.564531,3.994363,4.284802,0
2012-08-03,sz.002662,19.9700,20.0000,19.2400,19.5900,19.9300,1144145,22310705.2200,1.525655,1,-1.706000,18.037911,2.520781,3.926221,4.211704,0
2012-08-06,sz.002662,19.6900,20.4000,19.3000,20.3100,19.5900,827406,16456572.5700,1.103301,1,3.675300,18.700866,2.613428,4.070523,4.366499,0
2012-08-07,sz.002662,20.2000,20.8100,20.2000,20.7100,20.3100,1140962,23449164.7000,1.521410,1,1.969500,19.069175,2.664899,4.150691,4.452496,0
2012-08-08,sz.002662,20.7000,20.7000,20.2500,20.4300,20.7100,595436,12171948.7100,0.793981,1,-1.352000,18.811359,2.628869,4.094573,4.392298,0
2012-08-09,sz.002662,20.4000,21.1900,20.3700,21.1100,20.4300,1137615,23820807.3000,1.516947,1,3.328400,19.437483,2.716369,4.230858,4.538493,0
2012-08-10,sz.002662,21.0700,21.3400,20.6800,21.2000,21.1100,1359636,28544278.9200,1.813000,1,0.426300,19.520353,2.727950,4.248896,4.557842,0
2012-08-13,sz.002662,21.0300,21.1900,20.5600,20.6800,21.2000,1138073,23693461.9000,1.517558,1,-2.452800,19.041552,2.661038,4.144678,4.446046,0
2012-08-14,sz.002662,20.6800,20.6800,20.6800,20.6800,20.6800,0,0.0000,,0,0.000000,19.041552,2.661038,4.144678,4.446046,0
2012-08-15,sz.002662,22.7500,22.7500,21.4000,21.4500,20.6800,17274804,383071347.5200,23.035007,1,3.723400,17.809512,2.633492,4.024782,4.304973,0
2012-08-16,sz.002662,21.0100,21.2500,20.4500,20.8900,21.4500,7260235,151618186.9700,9.681127,1,-2.610700,17.344555,2.564739,3.919706,4.192582,0
2012-08-17,sz.002662,20.7000,20.8700,20.3500,20.5700,20.8900,2861133,58840152.0800,3.815164,1,-1.531800,17.078865,2.525451,3.859663,4.128359,0
2012-08-20,sz.002662,20.4500,20.9000,20.3200,20.7900,20.5700,2153404,44444823.0200,2.871447,1,1.069500,17.261527,2.552461,3.900943,4.172512,0
2012-08-21,sz.002662,20.8000,21.3500,20.7100,21.0300,20.7900,2551548,53668320.4300,3.402350,1,1.154400,17.460794,2.581927,3.945975,4.220680,0
2012-08-22,sz.002662,21.0800,21.3700,20.6000,20.6600,21.0300,3322618,69822209.6600,4.430529,1,-1.759400,17.153591,2.536501,3.876550,4.146421,0
2012-08-23,sz.002662,20.6100,20.9200,20.5500,20.7800,20.6600,1613092,33428537.3500,2.150970,1,0.580800,17.253224,2.551234,3.899066,4.170505,0
2012-08-24,sz.002662,20.7700,20.8600,20.2000,20.2200,20.7800,1935915,39510432.1500,2.581437,1,-2.694900,16.788267,2.482480,3.793990,4.058114,0
2012-08-27,sz.002662,20.0000,20.0000,19.3800,19.4300,20.2200,2552606,49958754.5000,3.403761,1,-3.907000,16.132346,2.385489,3.645758,3.899563,0
2012-08-28,sz.002662,19.4800,19.6700,19.2800,19.5000,19.4300,1904991,37089511.0300,2.540201,1,0.360300,16.190465,2.394083,3.658893,3.913612,0
2012-08-29,sz.002662,19.5000,19.9400,19.3700,19.7300,19.5000,2973966,58736131.7300,3.965621,1,1.179500,16.381430,2.422321,3.702049,3.959772,0
2012-08-30,sz.002662,19.6500,19.8100,18.7500,19.1400,19.7300,2212893,42460135.1700,2.950772,1,-2.990371,15.891565,2.349885,3.591344,3.841360,0
2012-08-31,sz.002662,19.0800,19.4300,19.0800,19.3900,19.1400,1129983,21778743.7300,1.506771,1,1.306200,16.099135,2.380578,3.638253,3.891535,0
2012-09-03,sz.002662,19.3400,19.8000,19.1500,19.7600,19.3900,1694170,33127789.1300,2.259083,1,1.908200,16.406338,2.426005,3.707678,3.965793,0
2012-09-04,sz.002662,19.7000,19.7600,19.2000,19.2800,19.7600,1466846,28593439.6800,1.955959,1,-2.429100,16.007804,2.367073,3.617613,3.869458,0
2012-09-05,sz.002662,19.2600,19.6300,19.2500,19.4800,19.2800,1324597,25760791.8200,1.766278,1,1.037300,16.173860,2.391628,3.655140,3.909598,0
2012-09-06,sz.002662,19.5100,19.8800,19.5100,19.7800,19.4800,989349,19499053.0600,1.319243,1,1.540000,16.422944,2.428460,3.711431,3.969807,0
2012-09-07,sz.002662,19.9500,20.4500,19.8500,20.3000,19.7800,2974483,60179077.4400,3.966311,1,2.628900,16.854690,2.492302,3.809001,4.074170,0
2012-09-10,sz.002662,20.3500,20.8700,20.2200,20.6800,20.3000,3179759,65622261.8400,4.240035,1,1.871900,17.170196,2.538956,3.880303,4.150435,0
2012-09-11,sz.002662,20.5600,20.6800,20.2000,20.3400,20.6800,2367085,48294093.8000,3.156378,1,-1.644100,16.887901,2.497213,3.816507,4.082198,0
2012-09-12,sz.002662,20.4600,20.5500,19.9000,20.1800,20.3400,2988976,60352093.0800,3.985636,1,-0.786600,16.755056,2.477569,3.786485,4.050086,0
2012-09-13,sz.002662,20.6900,20.6900,20.3500,20.3500,20.1800,4301012,88310022.4200,5.735164,1,0.842400,16.896204,2.498441,3.818383,4.084205,0
2012-09-14,sz.002662,20.4300,20.5300,19.5500,20.0000,20.3500,3765980,75052970.9600,5.021728,1,-1.719900,16.605606,2.455470,3.752711,4.013961,0
2012-09-17,sz.002662,19.9000,20.4400,19.7500,19.9600,20.0000,2967763,59950608.2300,3.957350,1,-0.200000,16.572394,2.450559,3.745205,4.005933,0
2012-09-18,sz.002662,19.9200,20.0700,19.6500,19.8000,19.9600,1223716,24345639.2300,1.631758,1,-0.801600,16.439549,2.430915,3.715183,3.973821,0
2012-09-19,sz.002662,19.8500,19.9600,19.5300,19.6800,19.8000,1381575,27253313.8900,1.842255,1,-0.606100,16.339916,2.416183,3.692667,3.949737,0
2012-09-20,sz.002662,19.7500,19.7500,18.9800,18.9900,19.6800,1927521,37098101.3700,2.570244,1,-3.506100,15.767022,2.331469,3.563199,3.811256,0
2012-09-21,sz.002662,9.1100,9.2700,8.9900,8.9900,9.3000,2372207,21497061.4100,1.581604,1,-3.333300,14.928439,2.207468,3.373687,3.608551,0
2012-09-24,sz.002662,8.9900,9.1500,8.8200,8.9800,8.9900,2218638,19929072.3700,1.479216,1,-0.111200,14.911834,2.205012,3.369934,3.604537,0
2012-09-25,sz.002662,9.0000,9.0000,8.5100,8.5700,8.9800,3630410,31586554.4900,2.420477,1,-4.565700,14.231004,2.104338,3.216073,3.439964,0
2012-09-26,sz.002662,8.5500,8.5600,8.0000,8.0500,8.5700,4127355,34139945.7600,2.751801,1,-6.067700,13.367512,1.976653,3.020932,3.231238,0
2012-09-27,sz.002662,8.0500,8.5100,7.9100,8.3400,8.0500,5030535,41374295.4400,3.353972,1,3.602500,13.849075,2.047862,3.129761,3.347643,0
2012-09-28,sz.002662,8.2500,8.6600,8.1100,8.6000,8.3400,4692493,39827795.3100,3.128591,1,3.117500,14.280821,2.111704,3.227331,3.452006,0
2012-10-08,sz.002662,8.6500,8.7700,8.5200,8.6400,8.6000,2211727,19211955.4100,1.474609,1,0.465100,14.347243,2.121526,3.242342,3.468062,0
2012-10-09,sz.002662,8.5800,8.9200,8.5800,8.8500,8.6400,2262166,19969967.6300,1.508237,1,2.430600,14.695961,2.173091,3.321149,3.552355,0
2012-10-10,sz.002662,8.7900,9.2700,8.7900,9.1300,8.8500,4076358,37168431.6100,2.717800,1,3.163800,15.160918,2.241844,3.426225,3.664746,0
2012-10-11,sz.002662,9.1500,9.3700,8.9300,8.9800,9.1300,3698946,33873325.3900,2.466171,1,-1.642900,14.911834,2.205012,3.369934,3.604537,0
2012-10-12,sz.002662,9.0000,9.1900,8.6900,8.8100,8.9800,2835924,25148668.2200,1.890775,1,-1.893100,14.629538,2.163269,3.306138,3.536299,0
2012-10-15,sz.002662,8.8100,8.8100,8.3800,8.5000,8.8100,2553446,21808332.9000,1.702440,1,-3.518700,14.114765,2.087150,3.189804,3.411867,0
2012-10-16,sz.002662,8.5000,8.7000,8.3500,8.5500,8.5000,2272196,19459313.8000,1.514925,1,0.588200,14.197793,2.099427,3.208568,3.431936,0
2012-10-17,sz.002662,8.5600,8.6400,8.4100,8.6200,8.5500,1268661,10855750.3200,0.845845,1,0.818700,14.314032,2.116615,3.234837,3.460034,0
2012-10-18,sz.002662,8.6000,8.8600,8.5300,8.8500,8.6200,2446881,21418093.4900,1.631391,1,2.668200,14.695961,2.173091,3.321149,3.552355,0
2012-10-19,sz.002662,8.8800,9.2600,8.8500,9.1500,8.8500,4656079,42615928.7600,3.104313,1,3.389822,15.194129,2.246755,3.433730,3.672774,0
2012-10-22,sz.002662,8.9000,8.9000,8.5700,8.7500,9.1500,8581510,74481513.1900,5.721487,1,-4.371600,14.695368,2.131970,3.253314,4.122230,0
2012-10-23,sz.002662,8.7000,8.7300,8.4400,8.4700,8.7500,6146199,52309619.5600,4.097810,1,-3.200000,14.225116,2.063747,3.149208,3.990319,0
2012-10-24,sz.002662,8.4000,8.5000,8.3700,8.4200,8.4700,2234697,18847009.8000,1.489923,1,-0.590300,14.141143,2.051564,3.130617,3.966763,0
2012-10-25,sz.002662,8.4300,8.5600,8.2300,8.2500,8.4200,2851080,23862779.8500,1.900880,1,-2.019000,13.855633,2.010143,3.067410,3.886674,0
2012-10-26,sz.002662,8.2500,8.3000,8.0000,8.0100,8.2500,3531773,28546412.3400,2.354713,1,-2.909100,13.452560,1.951666,2.978176,3.773607,0
2012-10-29,sz.002662,8.0100,8.0800,7.9000,8.0200,8.0100,2135754,17088390.9300,1.423956,1,0.124800,13.469354,1.954103,2.981894,3.778319,0
2012-10-30,sz.002662,8.0300,8.1000,7.9900,8.0600,8.0200,1623342,13059358.3000,1.082319,1,0.498800,13.536533,1.963849,2.996767,3.797163,0
2012-10-31,sz.002662,8.0500,8.1700,8.0200,8.1700,8.0600,1651973,13418426.0000,1.101408,1,1.364800,13.721275,1.990651,3.037665,3.848985,0
2012-11-01,sz.002662,8.1500,8.3700,8.1400,8.3200,8.1700,2657509,22003951.8400,1.771821,1,1.836000,13.973196,2.027199,3.093437,3.919652,0
2012-11-02,sz.002662,8.3100,8.3600,8.1900,8.2400,8.3200,2169957,17882191.9400,1.446760,1,-0.961500,13.838838,2.007706,3.063692,3.881963,0
2012-11-05,sz.002662,8.2400,8.2600,8.1400,8.1700,8.2400,1232041,10098063.3900,0.821430,1,-0.849500,13.721275,1.990651,3.037665,3.848985,0
2012-11-06,sz.002662,8.1300,8.2300,8.0300,8.1000,8.1700,1668905,13499925.8800,1.112697,1,-0.856800,13.603712,1.973595,3.011639,3.816008,0
2012-11-07,sz.002662,8.0800,8.1700,8.0700,8.1000,8.1000,1101579,8942832.4200,0.734448,1,0.000000,13.603712,1.973595,3.011639,3.816008,0
2012-11-08,sz.002662,8.0800,8.1100,7.9100,7.9100,8.1000,2003261,16064609.3600,1.335620,1,-2.345700,13.284613,1.927301,2.940996,3.726496,0
2012-11-09,sz.002662,7.9000,7.9100,7.7100,7.7400,7.9100,1636840,12761610.5400,1.091318,1,-2.149200,12.999103,1.885879,2.877788,3.646407,0
2012-11-12,sz.002662,7.7400,7.8500,7.7400,7.7800,7.7400,970206,7565772.6400,0.646858,1,0.516800,13.066282,1.895626,2.892661,3.665252,0
2012-11-13,sz.002662,7.7800,7.8400,7.6000,7.6100,7.7800,1537777,11816918.4100,1.025271,1,-2.185100,12.780771,1.854205,2.829453,3.585163,0
2012-11-14,sz.002662,7.5700,7.6400,7.4200,7.5600,7.6100,1628034,12226433.5800,1.085447,1,-0.657000,12.696798,1.842022,2.810863,3.561607,0
2012-11-15,sz.002662,7.5400,7.5400,7.2200,7.2400,7.5600,2275810,16773632.6600,1.517334,1,-4.232800,12.159367,1.764053,2.691885,3.410851,0
2012-11-16,sz.002662,7.2300,7.2300,7.0300,7.1100,7.2400,1540718,10936937.7000,1.027232,1,-1.795600,11.941036,1.732378,2.643550,3.349607,0
2012-11-19,sz.002662,7.1100,7.1500,7.0700,7.1500,7.1100,946531,6727275.2800,0.631074,1,0.562600,12.008215,1.742124,2.658422,3.368451,0
2012-11-20,sz.002662,7.2000,7.2000,6.8200,6.9000,7.1500,2917114,20476923.7900,1.944906,1,-3.496500,11.588347,1.681210,2.565470,3.250673,0
2012-11-21,sz.002662,6.8800,6.9500,6.7300,6.9400,6.9000,2921534,20076651.3200,1.947853,1,0.579700,11.655526,1.690957,2.580343,3.269518,0
2012-11-22,sz.002662,6.8900,6.9300,6.8400,6.8700,6.9400,1173276,8072940.0000,0.782250,1,-1.008600,11.537963,1.673901,2.554316,3.236540,0
2012-11-23,sz.002662,6.8700,7.1600,6.8500,7.0600,6.8700,5037351,35377479.5900,3.358516,1,2.765600,11.857063,1.720195,2.624959,3.326051,0
2012-11-26,sz.002662,7.0300,7.1200,6.9600,6.9700,7.0600,2182923,15379303.6000,1.455404,1,-1.274800,11.705910,1.698266,2.591497,3.283651,0
2012-11-27,sz.002662,6.9300,6.9400,6.5400,6.5500,6.9700,3516544,23408357.9400,2.344560,1,-6.025800,11.000533,1.595932,2.435338,3.085784,0
2012-11-28,sz.002662,6.4500,6.5200,6.2800,6.3100,6.5500,2976049,18893759.1300,1.984199,1,-3.664100,10.597460,1.537455,2.346104,2.972717,0
2012-11-29,sz.002662,6.3400,6.4300,6.1600,6.2300,6.3100,3603892,22645880.3800,2.402797,1,-1.267800,10.463102,1.517962,2.316359,2.935028,0
2012-11-30,sz.002662,6.2300,6.3500,6.2000,6.3100,6.2300,1872963,11798711.3000,1.248747,1,1.284100,10.597460,1.537455,2.346104,2.972717,0
2012-12-03,sz.002662,6.3100,6.3700,6.0200,6.0500,6.3100,2567730,15982373.1700,1.711964,1,-4.120400,10.160797,1.474105,2.249434,2.850228,0
2012-12-04,sz.002662,6.0300,6.3300,5.9900,6.2900,6.0500,3418469,21036908.5800,2.279171,1,3.966900,10.563870,1.532582,2.338668,2.963295,0
2012-12-05,sz.002662,6.2500,6.8500,6.2300,6.6100,6.2900,6672340,43951341.0500,4.448600,1,5.087400,11.101301,1.610551,2.457646,3.114051,0
2012-12-06,sz.002662,6.6200,6.7300,6.5300,6.6300,6.6100,3150785,20874734.5800,2.100700,1,0.302600,11.134890,1.615424,2.465082,3.123473,0
2012-12-07,sz.002662,6.6700,6.8100,6.6000,6.7900,6.6300,4413850,29714373.9300,2.942814,1,2.413300,11.403606,1.654408,2.524571,3.198851,0
2012-12-10,sz.002662,6.8200,6.9400,6.6600,6.9400,6.7900,8304098,56306567.4500,5.536530,1,2.209100,11.655526,1.690957,2.580343,3.269518,0
2012-12-11,sz.002662,6.8700,6.9100,6.8000,6.8000,6.9400,3954475,27113221.9900,2.636538,1,-2.017300,11.420400,1.656845,2.528290,3.203562,0
2012-12-12,sz.002662,6.8000,6.8400,6.6600,6.7800,6.8000,3072887,20726647.4100,2.048763,1,-0.294100,11.386811,1.651972,2.520853,3.194140,0
2012-12-13,sz.002662,6.7100,6.7600,6.6000,6.6100,6.7800,2346706,15677663.4300,1.564602,1,-2.507400,11.101301,1.610551,2.457646,3.114051,0
2012-12-14,sz.002662,6.6000,6.9600,6.5800,6.9400,6.6100,6018676,41196222.7800,4.012788,1,4.992400,11.655526,1.690957,2.580343,3.269518,0
2012-12-17,sz.002662,6.9500,7.1700,6.9400,7.0800,6.9400,5114061,36148508.2700,3.409660,1,2.017300,11.890652,1.725068,2.632396,3.335473,0
2012-12-18,sz.002662,7.0300,7.1300,6.9400,6.9800,7.0800,3954213,27824540.8800,2.636363,1,-1.412400,11.722705,1.700703,2.595215,3.288362,0
2012-12-19,sz.002662,6.9800,7.1900,6.9400,7.1400,6.9800,5392909,38261085.3300,3.595575,1,2.292300,11.991420,1.739687,2.654704,3.363740,0
2012-12-20,sz.002662,7.1300,7.5800,7.0700,7.5100,7.1400,11475050,85292360.3900,7.650676,1,5.182100,12.612824,1.829839,2.792273,3.538051,0
2012-12-21,sz.002662,7.4900,7.8800,7.3900,7.6400,7.5100,9242841,70428247.4800,6.162412,1,1.731000,12.831156,1.861514,2.840608,3.599296,0
2012-12-24,sz.002662,7.6400,7.8500,7.5700,7.7800,7.6400,7817437,60289920.9300,5.212062,1,1.832500,13.066282,1.895626,2.892661,3.665252,0
2012-12-25,sz.002662,7.7700,8.3800,7.6400,8.1900,7.7800,11728921,93961562.9600,7.819938,1,5.269900,13.754864,1.995524,3.045102,3.858408,0
2012-12-26,sz.002662,8.1500,8.7800,8.1100,8.7400,8.1900,12613053,106346612.9200,8.409408,1,6.715500,14.678573,2.129533,3.249596,4.117519,0
2012-12-27,sz.002662,8.7800,8.8800,8.3100,8.3100,8.7400,12410806,106080365.1700,8.274566,1,-4.919900,13.956401,2.024762,3.089719,3.914941,0
2012-12-28,sz.002662,8.2700,8.5700,8.0300,8.5600,8.3100,10148300,84484240.6900,6.766102,1,3.008400,14.376269,2.085676,3.182670,4.032719,0
2012-12-31,sz.002662,8.5600,8.6900,8.2800,8.4500,8.5600,11333772,96096647.1200,7.556493,1,-1.285000,14.191527,2.058874,3.141772,3.980897,0
2013-01-04,sz.002662,8.4600,8.5800,8.1000,8.3900,8.4500,10381683,86970829.4800,6.921713,1,-0.710100,14.090759,2.044254,3.119463,3.952630,0
2013-01-07,sz.002662,8.3300,8.4700,8.2000,8.4000,8.3900,4585916,38337973.0300,3.057538,1,0.119200,14.107553,2.046691,3.123181,3.957341,0
2013-01-08,sz.002662,8.4000,8.4800,8.3100,8.4600,8.4000,6978224,58662785.9400,4.652546,1,0.714300,14.208322,2.061310,3.145490,3.985608,0
2013-01-09,sz.002662,8.4300,8.6700,8.4100,8.6400,8.4600,9073255,77314334.7800,6.049353,1,2.127700,14.510626,2.105168,3.212415,4.070408,0
2013-01-10,sz.002662,8.6200,8.8600,8.5700,8.8000,8.6400,10558724,92501959.5500,7.039750,1,1.851900,14.779342,2.144152,3.271904,4.145786,0
2013-01-11,sz.002662,8.8100,8.8600,8.3000,8.3300,8.8000,7821249,66783180.6700,5.214611,1,-5.340900,13.989990,2.029635,3.097155,3.924363,0
2013-01-14,sz.002662,8.3100,8.6100,8.2100,8.5900,8.3300,6517270,55132155.4900,4.345217,1,3.121200,14.426653,2.092985,3.193825,4.046852,0
2013-01-15,sz.002662,8.5900,9.1900,8.5600,9.1000,8.5900,11578537,102277162.0200,7.719683,1,5.937100,15.283183,2.217248,3.383446,4.287120,0
2013-01-16,sz.002662,9.0200,9.1100,8.7100,8.8500,9.1000,8595998,76328533.6200,5.731154,1,-2.747300,14.863315,2.156335,3.290494,4.169342,0
2013-01-17,sz.002662,8.8000,8.8400,8.6000,8.6200,8.8500,4970870,43247461.8300,3.314196,1,-2.598900,14.477037,2.100295,3.204979,4.060986,0
2013-01-18,sz.002662,8.6200,8.7800,8.5600,8.7400,8.6200,4955659,43058623.8600,3.304055,1,1.392100,14.678573,2.129533,3.249596,4.117519,0
2013-01-21,sz.002662,8.7400,8.8300,8.6800,8.8100,8.7400,4783184,41936453.7800,3.189061,1,0.800900,14.796136,2.146589,3.275622,4.150497,0
2013-01-22,sz.002662,8.8000,8.8900,8.6400,8.7200,8.8100,7050179,61697242.8200,4.700520,1,-1.021600,14.644984,2.124660,3.242159,4.108097,0
2013-01-23,sz.002662,8.6800,8.7100,8.3100,8.4800,8.7200,5179388,44103112.6100,3.453220,1,-2.752300,14.241911,2.066183,3.152926,3.995030,0
2013-01-24,sz.002662,8.4500,8.6300,8.0100,8.1000,8.4800,6041201,50294325.1700,4.027811,1,-4.481100,13.603712,1.973595,3.011639,3.816008,0
2013-01-25,sz.002662,8.0900,8.2200,8.0900,8.1200,8.1000,2460377,20041188.7700,1.640391,1,0.246900,13.637302,1.978468,3.019075,3.825430,0
2013-01-28,sz.002662,8.1200,8.5800,8.1200,8.5300,8.1200,4494094,37706105.1800,2.996318,1,5.049300,14.325884,2.078366,3.171516,4.018586,0
2013-01-29,sz.002662,8.5800,8.6300,8.4400,8.5400,8.5300,3435200,29327180.8500,2.290329,1,0.117200,14.342679,2.080802,3.175234,4.023297,0
2013-01-30,sz.002662,8.5400,8.7600,8.5000,8.6100,8.5400,6603508,57140699.3600,4.402714,1,0.819700,14.460242,2.097858,3.201261,4.056275,0
2013-01-31,sz.002662,8.7100,8.7100,8.4700,8.5700,8.6100,3337571,28496529.5700,2.225237,1,-0.464600,14.393063,2.088112,3.186388,4.037430,0
2013-02-01,sz.002662,8.5500,8.6400,8.4700,8.5800,8.5700,4074031,34903962.7600,2.716252,1,0.116700,14.409858,2.090549,3.190106,4.042141,0
2013-02-04,sz.002662,8.6100,8.6500,8.2600,8.2900,8.5800,6329593,53182760.3800,4.220089,1,-3.380000,13.922812,2.019889,3.082282,3.905519,0
2013-02-05,sz.002662,8.2700,8.4000,8.2100,8.3600,8.2900,2265331,18897446.5000,1.510350,1,0.844400,14.040374,2.036945,3.108309,3.938497,0
2013-02-06,sz.002662,8.4000,8.6500,8.4000,8.6300,8.3600,5364645,45925334.5600,3.576735,1,3.229700,14.493832,2.102731,3.208697,4.065697,0
2013-02-07,sz.002662,8.6300,8.6500,8.4900,8.6500,8.6300,3554423,30499932.0700,2.369818,1,0.231700,14.527421,2.107604,3.216133,4.075119,0
2013-02-08,sz.002662,8.6600,9.0800,8.5800,8.9800,8.6500,8812602,78354789.6600,5.875569,1,3.815000,15.081646,2.188010,3.338829,4.230586,0
2013-02-18,sz.002662,9.0600,9.7000,9.0600,9.5000,8.9800,13119049,123446101.9100,8.746779,1,5.790600,15.954971,2.314710,3.532169,4.475564,0
2013-02-19,sz.002662,9.5200,9.5400,9.0800,9.1800,9.5000,8075965,74808567.2600,5.384436,1,-3.368400,15.417540,2.236741,3.413191,4.324809,0
2013-02-20,sz.002662,9.1600,9.3800,9.1200,9.3700,9.1800,6295605,58445325.3900,4.197428,1,2.069700,15.736640,2.283035,3.483834,4.414320,0
2013-02-21,sz.002662,9.3000,9.3300,8.9000,8.9700,9.3700,7334963,66867282.5200,4.890393,1,-4.268900,15.064852,2.185574,3.335111,4.225875,0
2013-02-22,sz.002662,8.9700,9.0800,8.8000,8.8400,8.9700,3798657,34008393.1300,2.532654,1,-1.449300,14.846520,2.153899,3.286776,4.164630,0
2013-02-25,sz.002662,8.8500,8.9600,8.7500,8.8300,8.8400,3615605,31994814.3700,2.410609,1,-0.113100,14.829726,2.151462,3.283058,4.159919,0
2013-02-26,sz.002662,8.9200,9.7100,8.8600,9.1900,8.8300,18592683,175809215.6500,12.396180,1,4.077000,14.827039,2.239177,3.321700,4.329520,0
2013-02-27,sz.002662,9.0500,9.5800,9.0200,9.5200,9.1900,14585560,136999048.7200,9.724536,1,3.590900,15.359457,2.319583,3.440977,4.484987,0
2013-02-28,sz.002662,9.4500,9.8700,9.3300,9.7300,9.5200,12943796,124764874.1500,8.629934,1,2.205900,15.698269,2.370750,3.516881,4.583920,0
2013-03-01,sz.002662,9.7500,9.9500,9.6000,9.8100,9.7300,9649143,94189189.0600,6.433311,1,0.822200,15.827340,2.390243,3.545797,4.621609,0
2013-03-04,sz.002662,9.6900,9.6900,9.0800,9.1900,9.8100,9230090,86323802.4600,6.153918,1,-6.320100,14.827039,2.239177,3.321700,4.329520,0
2013-03-05,sz.002662,9.1900,9.5600,9.1200,9.5600,9.1900,5804514,54440057.2400,3.870006,1,4.026100,15.423993,2.329329,3.455435,4.503831,0
2013-03-06,sz.002662,9.5600,10.3000,9.5600,10.2500,9.5600,11592696,115519369.0000,7.729124,1,7.217600,16.537231,2.497450,3.704834,4.828898,0
2013-03-07,sz.002662,10.2300,10.2300,9.8000,9.9500,10.2500,8003852,80417105.9300,5.336357,1,-2.926800,16.053214,2.424354,3.596399,4.687565,0
2013-03-08,sz.002662,10.0000,10.1700,9.8500,9.9500,9.9500,6531923,65616298.1300,4.354987,1,0.000000,16.053214,2.424354,3.596399,4.687565,0
2013-03-11,sz.002662,9.9300,10.2300,9.7300,10.1900,9.9500,7413480,74527070.6400,4.942742,1,2.412100,16.440427,2.482831,3.683147,4.800632,0
2013-03-12,sz.002662,10.2300,10.3300,9.4200,9.6900,10.1900,8974228,88109142.8800,5.983329,1,-4.906800,15.633733,2.361004,3.502423,4.565076,0
2013-03-13,sz.002662,9.6000,9.6400,9.2300,9.3000,9.6900,5423806,51048327.5300,3.616179,1,-4.024800,15.004512,2.265979,3.361459,4.381342,0
2013-03-14,sz.002662,9.1500,9.4500,9.1500,9.3300,9.3000,3785900,35158295.5100,2.524149,1,0.322600,15.052913,2.273289,3.372302,4.395475,0
2013-03-15,sz.002662,9.2900,9.5600,9.1500,9.2300,9.3300,5220984,48736054.8900,3.480953,1,-1.071800,14.891574,2.248923,3.336157,4.348364,0
2013-03-18,sz.002662,9.1000,9.1400,8.9500,9.0500,9.2300,3866461,35016064.0000,2.577861,1,-1.950200,14.601165,2.205066,3.271097,4.263564,0
2013-03-19,sz.002662,8.9800,9.1300,8.8000,9.1100,9.0500,2490688,22463466.0000,1.660600,1,0.663000,14.697968,2.219685,3.292784,4.291831,0
2013-03-20,sz.002662,9.0900,9.4500,9.0800,9.4300,9.1100,4310176,40307032.0000,2.873696,1,3.512600,15.214252,2.297654,3.408447,4.442587,0
2013-03-21,sz.002662,9.4400,9.6300,9.3000,9.4200,9.4300,4389149,41572988.0000,2.926349,1,-0.106000,15.198118,2.295218,3.404832,4.437875,0
2013-03-22,sz.002662,9.3200,9.5400,9.3200,9.5000,9.4200,2938031,27658306.0000,1.958854,1,0.849300,15.327189,2.314710,3.433748,4.475564,0
2013-03-25,sz.002662,9.5000,9.5700,9.4000,9.4500,9.5000,2486642,23540932.0000,1.657903,1,-0.526300,15.246520,2.302527,3.415676,4.452009,0
2013-03-26,sz.002662,9.3700,9.3700,9.0300,9.0800,9.4500,3913925,35769140.0000,2.609506,1,-3.915300,14.649566,2.212375,3.281940,4.277697,0
2013-03-27,sz.002662,9.1000,9.2600,9.0300,9.1400,9.0800,2458108,22511756.0000,1.638879,1,0.660800,14.746370,2.226995,3.303627,4.305964,0
2013-03-28,sz.002662,9.0200,9.0200,8.2900,8.3900,9.1400,9854682,84359712.0000,6.570349,1,-8.205700,13.536328,2.044254,3.032542,3.952630,0
2013-03-29,sz.002662,8.3800,8.4800,8.2200,8.2500,8.3900,4080299,33986296.0000,2.720431,1,-1.668700,13.310454,1.927925,2.981939,3.661504,0
2013-04-01,sz.002662,8.2700,8.4200,8.2600,8.3000,8.2500,2550604,21223064.0000,1.700548,1,0.606100,13.391123,1.939609,3.000012,3.683695,0
2013-04-02,sz.002662,8.3100,8.4700,8.2800,8.3700,8.3000,1691477,14156811.0000,1.127748,1,0.843400,13.504061,1.955967,3.025313,3.714762,0
2013-04-03,sz.002662,8.4000,8.4500,8.1500,8.2600,8.3700,2081205,17227096.0000,1.387588,1,-1.314200,13.326588,1.930262,2.985554,3.665942,0
2013-04-08,sz.002662,8.0500,8.3300,8.0500,8.2800,8.2600,1466600,12015798.0000,0.977817,1,0.242100,13.358856,1.934936,2.992783,3.674818,0
2013-04-09,sz.002662,8.3000,8.4200,8.3000,8.4000,8.2800,1854971,15551247.0000,1.236753,1,1.449300,13.552462,1.962978,3.036156,3.728077,0
2013-04-10,sz.002662,8.4000,8.4100,8.1800,8.3000,8.4000,2182665,18138642.0000,1.455234,1,-1.190500,13.391123,1.939609,3.000012,3.683695,0
2013-04-11,sz.002662,8.3700,8.6200,8.3100,8.4500,8.3000,3939780,33421422.0000,2.626744,1,1.807200,13.633132,1.974662,3.054229,3.750268,0
2013-04-12,sz.002662,8.4500,8.4800,8.1700,8.2000,8.4500,2080262,17296032.0000,1.386960,1,-2.958580,13.229784,1.916241,2.963867,3.639313,0
2013-04-15,sz.002662,8.1900,8.1900,7.7500,7.8000,8.2000,3766877,29729026.0000,2.511466,1,-4.878000,12.584429,1.822765,2.819288,3.461786,0
2013-04-16,sz.002662,7.7000,7.9400,7.5300,7.9000,7.8000,1993446,15434161.0000,1.329077,1,1.282050,12.745768,1.846134,2.855433,3.506167,0
2013-04-17,sz.002662,7.9000,7.9600,7.7600,7.9300,7.9000,1704849,13405784.0000,1.136663,1,0.379700,12.794170,1.853145,2.866276,3.519482,0
2013-04-18,sz.002662,7.8300,8.0900,7.7700,8.0800,7.9300,2119761,16882906.0000,1.413295,1,1.891600,13.036178,1.888198,2.920493,3.586055,0
2013-04-19,sz.002662,8.0500,8.3500,8.0300,8.3200,8.0800,2666714,21976628.0000,1.777961,1,2.970294,13.423391,1.944283,3.007241,3.692571,0
2013-04-22,sz.002662,8.0000,8.2000,7.7800,7.9500,8.3200,8771525,69487424.0000,5.848182,1,-4.447100,13.014580,1.810015,2.866073,-27.498863,0
2013-04-23,sz.002662,8.0300,8.0700,7.7800,7.7800,7.9500,4556288,36069456.0000,3.037785,1,-2.138400,12.736281,1.771310,2.804786,-26.910837,0
2013-04-24,sz.002662,7.8800,8.0400,7.7800,7.8600,7.7800,4985904,39198100.0000,3.324220,1,1.028300,12.867245,1.789524,2.833627,-27.187555,0
2013-04-25,sz.002662,7.9900,7.9900,7.7500,7.7800,7.8600,5310945,41764456.0000,3.540932,1,-1.017800,12.736281,1.771310,2.804786,-26.910837,0
2013-04-26,sz.002662,7.8200,7.8600,7.2000,7.2000,7.7800,7562644,56863668.0000,5.042193,1,-7.455018,11.786789,1.639259,2.595689,-24.904630,0
2013-05-02,sz.002662,7.2000,7.2600,7.1400,7.1800,7.2000,1901737,13711655.0000,1.267933,1,-0.277800,11.754048,1.634705,2.588478,-24.835451,0
2013-05-03,sz.002662,7.2000,7.3700,7.2000,7.3000,7.1800,4365511,31893504.0000,2.910589,1,1.671314,11.950495,1.662026,2.631740,-25.250528,0
2013-05-06,sz.002662,7.2800,7.4400,7.2500,7.4300,7.3000,4501785,33127958.0000,3.001446,1,1.780800,12.163312,1.691624,2.678606,-25.700195,0
2013-05-07,sz.002662,7.4800,7.5000,7.3700,7.4200,7.4300,3269916,24315212.0000,2.180130,1,-0.134600,12.146941,1.689347,2.675001,-25.665605,0
2013-05-08,sz.002662,7.4400,7.5100,7.4100,7.4600,7.4200,3520189,26251394.0000,2.346993,1,0.539100,12.212423,1.698454,2.689422,-25.803964,0
2013-05-09,sz.002662,7.4700,7.4800,7.2600,7.4000,7.4600,4377376,32185836.0000,2.918500,1,-0.804300,12.114200,1.684794,2.667791,-25.596426,0
2013-05-10,sz.002662,7.4100,7.6300,7.3300,7.6100,7.4000,4923566,36960840.0000,3.282657,1,2.837800,12.457981,1.732606,2.743499,-26.322811,0
2013-05-13,sz.002662,7.5700,7.6400,7.5000,7.5700,7.6100,3419760,25802282.0000,2.280035,1,-0.525600,12.392499,1.723499,2.729078,-26.184452,0
2013-05-14,sz.002662,7.5600,7.5800,7.3000,7.3400,7.5700,3115110,23020676.0000,2.076917,1,-3.038300,12.015977,1.671133,2.646160,-25.388887,0
2013-05-15,sz.002662,7.3700,7.4600,7.2900,7.4300,7.3400,1903206,14052818.0000,1.268912,1,1.226200,12.163312,1.691624,2.678606,-25.700195,0
2013-05-16,sz.002662,7.4200,7.6700,7.3500,7.6200,7.4300,4817140,36369280.0000,3.211701,1,2.557200,12.474352,1.734882,2.747104,-26.357400,0
2013-05-17,sz.002662,7.6500,7.8000,7.6000,7.7800,7.6200,5354659,41484896.0000,3.570077,1,2.099700,12.736281,1.771310,2.804786,-26.910837,0
2013-05-20,sz.002662,7.8200,7.9600,7.7700,7.9200,7.7800,5363754,42162824.0000,3.576141,1,1.799500,12.965468,1.803185,2.855257,-27.395093,0
2013-05-21,sz.002662,7.9200,8.1900,7.8700,8.1500,7.9200,7922883,64149800.0000,5.282373,1,2.904035,13.341991,1.855550,2.938175,-28.190658,0
2013-05-22,sz.002662,8.1300,8.3100,8.0700,8.1000,8.1500,8983574,73756656.0000,5.989560,1,-0.613500,13.260138,1.844166,2.920150,-28.017709,0
2013-05-23,sz.002662,8.0800,8.1800,7.8000,7.8500,8.1000,8086735,64489712.0000,5.391617,1,-3.086400,12.850874,1.787247,2.830022,-27.152965,0
2013-05-24,sz.002662,7.8300,8.0500,7.8100,8.0500,7.8500,5648912,44596168.0000,3.766263,1,2.547800,13.178285,1.832782,2.902124,-27.844760,0
2013-05-27,sz.002662,8.0500,8.1700,8.0200,8.1200,8.0500,4876862,39525952.0000,3.251519,1,0.869600,13.292879,1.848720,2.927360,-28.086889,0
2013-05-28,sz.002662,8.1500,8.1500,7.9200,8.0800,8.1200,5072478,40726172.0000,3.381941,1,-0.492600,13.227397,1.839613,2.912939,-27.948530,0
2013-05-29,sz.002662,8.0800,8.3800,8.0600,8.3400,8.0800,9493377,78209992.0000,6.329458,1,3.217800,13.653031,1.898808,3.006673,-28.847863,0
2013-05-30,sz.002662,8.2900,8.3200,8.2000,8.2900,8.3400,5584786,46098368.0000,3.723508,1,-0.599500,13.571178,1.887424,2.988647,-28.674915,0
2013-05-31,sz.002662,8.2900,8.3500,8.1900,8.2000,8.2900,4689219,38759968.0000,3.126413,1,-1.085647,13.423843,1.866934,2.956201,-28.363607,0
2013-06-03,sz.002662,8.1500,8.2200,7.9900,8.0100,8.2000,4712477,38164596.0000,3.141919,1,-2.317100,13.112803,1.823675,2.887704,-27.706401,0
2013-06-04,sz.002662,8.0000,8.0200,7.6900,7.7100,8.0100,5894505,46022632.0000,3.930005,1,-3.745300,12.621687,1.755373,2.779550,-26.668708,0
2013-06-05,sz.002662,7.7100,7.8000,7.6600,7.7600,7.7100,2774912,21441474.0000,1.850099,1,0.648500,12.703540,1.766757,2.797576,-26.841657,0
2013-06-06,sz.002662,7.7900,7.8800,7.7200,7.7500,7.7600,2878009,22466678.0000,1.918836,1,-0.128900,12.687169,1.764480,2.793970,-26.807067,0
2013-06-07,sz.002662,7.7600,7.8100,7.3300,7.4100,7.7500,5183854,38878956.0000,3.456198,1,-4.387100,12.130571,1.687071,2.671396,-25.631015,0
2013-06-13,sz.002662,7.3200,7.3200,7.0200,7.1800,7.4100,2482237,17805836.0000,1.654966,1,-3.103900,11.754048,1.634705,2.588478,-24.835451,0
2013-06-14,sz.002662,7.1700,7.3200,7.1700,7.3100,7.1800,2388482,17346176.0000,1.592457,1,1.810600,11.966865,1.664303,2.635345,-25.285118,0
2013-06-17,sz.002662,7.0900,7.1300,6.9600,6.9800,7.0600,2342945,16471345.0000,1.562097,1,-1.133100,11.426637,1.589170,2.516376,-24.143656,0
2013-06-18,sz.002662,7.0000,7.1400,6.9800,7.0600,6.9800,1998843,14114668.0000,1.332676,1,1.146100,11.557602,1.607384,2.545217,-24.420374,0
2013-06-19,sz.002662,7.0900,7.0900,6.7700,6.9100,7.0600,2909709,19985634.0000,1.939972,1,-2.124600,11.312044,1.573233,2.491140,-23.901527,0
2013-06-20,sz.002662,6.8800,6.8800,6.5800,6.5800,6.9100,2425627,16308458.0000,1.617223,1,-4.775700,10.771816,1.498100,2.372171,-22.760065,0
2013-06-21,sz.002662,6.4900,6.6100,6.3500,6.5200,6.5800,1928115,12435576.0000,1.285520,1,-0.911900,10.673592,1.484440,2.350540,-22.552526,0
2013-06-24,sz.002662,6.5300,6.5400,6.0500,6.1000,6.5200,2941208,18436394.0000,1.960973,1,-6.441700,9.986030,1.388817,2.199125,-21.099756,0
2013-06-25,sz.002662,6.0300,6.1900,5.6400,6.1700,6.1000,3239318,19375512.0000,2.159730,1,1.147500,10.100624,1.404754,2.224361,-21.341885,0
2013-06-26,sz.002662,6.2300,6.3100,6.1000,6.2700,6.1700,2308209,14354074.0000,1.538937,1,1.620700,10.264329,1.427521,2.260412,-21.687782,0
2013-06-27,sz.002662,6.2800,6.3600,6.1300,6.1300,6.2700,2625704,16411073.0000,1.750619,1,-2.232900,10.035141,1.395647,2.209940,-21.203526,0
2013-06-28,sz.002662,6.0500,6.2400,6.0000,6.1100,6.1300,1700933,10414475.0000,1.134052,1,-0.326300,10.002400,1.391093,2.202730,-21.134346,0
2013-07-01,sz.002662,6.0500,6.2400,6.0200,6.2300,6.1100,1517646,9356427.0000,1.011850,1,1.964000,10.198847,1.418414,2.245992,-21.549423,0
2013-07-02,sz.002662,6.2300,6.2800,6.1600,6.2800,6.2300,1795855,11192147.0000,1.197339,1,0.802600,10.280700,1.429798,2.264017,-21.722372,0
2013-07-03,sz.002662,6.2500,6.2500,6.0700,6.1600,6.2800,1809504,11137301.0000,1.206439,1,-1.910800,10.084253,1.402477,2.220756,-21.307295,0
2013-07-04,sz.002662,6.1600,6.3200,6.0700,6.2700,6.1600,2561314,15900834.0000,1.707688,1,1.785700,10.264329,1.427521,2.260412,-21.687782,0
2013-07-05,sz.002662,6.2800,6.4100,6.2500,6.2600,6.2700,2378564,15091041.0000,1.585845,1,-0.159500,10.247958,1.425244,2.256807,-21.653193,0
2013-07-08,sz.002662,6.1800,6.1900,5.9000,5.9100,6.2600,2460939,14804135.0000,1.640766,1,-5.591100,9.674990,1.345558,2.130628,-20.442551,0
2013-07-09,sz.002662,5.9000,5.9700,5.8800,5.9200,5.9100,1219245,7220741.0000,0.812899,1,0.169200,9.691360,1.347835,2.134233,-20.477141,0
2013-07-10,sz.002662,5.9300,6.1500,5.9100,6.1400,5.9200,2150453,13035931.0000,1.433758,1,3.716200,10.051512,1.397924,2.213546,-21.238115,0
2013-07-11,sz.002662,6.1800,6.3900,6.1100,6.3700,6.1400,3482176,21920120.0000,2.321649,1,3.745900,10.428034,1.450289,2.296463,-22.033680,0
2013-07-12,sz.002662,6.3800,6.4400,6.2000,6.2300,6.3700,2321815,14677494.0000,1.548009,1,-2.197800,10.198847,1.418414,2.245992,-21.549423,0
2013-07-15,sz.002662,6.3300,6.4000,6.2400,6.3900,6.2300,2588912,16431946.0000,1.726089,1,2.568200,10.460775,1.454842,2.303674,-22.102859,0
2013-07-16,sz.002662,6.3700,6.5000,6.3700,6.4800,6.3900,2466497,15864069.0000,1.644472,1,1.408500,10.608110,1.475333,2.336120,-22.414167,0
2013-07-17,sz.002662,6.4700,6.4800,6.3000,6.3200,6.4800,2808081,17951508.0000,1.872214,1,-2.469100,10.346182,1.438905,2.278438,-21.860731,0
2013-07-18,sz.002662,6.3000,6.3400,6.1600,6.2500,6.3200,1973250,12295186.0000,1.315612,1,-1.107600,10.231588,1.422968,2.253202,-21.618603,0
2013-07-19,sz.002662,6.2500,6.3100,6.0900,6.1400,6.2500,2613564,16228184.0000,1.742525,1,-1.760000,10.051512,1.397924,2.213546,-21.238115,0
2013-07-22,sz.002662,6.1100,6.1600,5.9900,6.1300,6.1400,2354545,14253222.0000,1.569831,1,-0.162900,10.035141,1.395647,2.209940,-21.203526,0
2013-07-23,sz.002662,6.1700,6.4000,6.1300,6.3800,6.1300,3334037,21005288.0000,2.222881,1,4.078300,10.444405,1.452565,2.300069,-22.068270,0
2013-07-24,sz.002662,6.4900,6.9100,6.4700,6.7500,6.3800,11185869,74810008.0000,7.457882,1,5.799400,11.050115,1.536805,2.433458,-23.348091,0
2013-07-25,sz.002662,6.6700,6.7700,6.4800,6.5100,6.7500,5347278,35352672.0000,3.565156,1,-3.555600,10.657222,1.482163,2.346935,-22.517937,0
2013-07-26,sz.002662,6.5100,6.5200,6.3900,6.4500,6.5100,3103540,19953052.0000,2.069203,1,-0.921700,10.558999,1.468503,2.325304,-22.310398,0
2013-07-29,sz.002662,6.4400,6.4400,6.1100,6.1400,6.4500,4750012,29445280.0000,3.166945,1,-4.806200,10.051512,1.397924,2.213546,-21.238115,0
2013-07-30,sz.002662,6.1800,6.2200,6.0200,6.1400,6.1400,2386356,14645885.0000,1.591040,1,0.000000,10.051512,1.397924,2.213546,-21.238115,0
2013-07-31,sz.002662,6.1400,6.2400,6.1100,6.1600,6.1400,1869072,11551795.0000,1.246154,1,0.325700,10.084253,1.402477,2.220756,-21.307295,0
2013-08-01,sz.002662,6.1800,6.4300,6.1600,6.4100,6.1600,3001527,18937356.0000,2.001189,1,4.058400,10.493517,1.459396,2.310884,-22.172039,0
2013-08-02,sz.002662,6.4100,6.4400,6.3400,6.3500,6.4100,3180826,20325280.0000,2.120732,1,-0.936000,10.395293,1.445735,2.289253,-21.964500,0
2013-08-05,sz.002662,6.3500,6.5200,6.3000,6.5200,6.3500,2962887,19090996.0000,1.975427,1,2.677200,10.673592,1.484440,2.350540,-22.552526,0
2013-08-06,sz.002662,6.5200,6.6800,6.4800,6.6300,6.5200,4182882,27577496.0000,2.788826,1,1.687100,10.853668,1.509484,2.390197,-22.933014,0
2013-08-07,sz.002662,6.6100,6.6800,6.4600,6.4800,6.6300,4149626,27178052.0000,2.766653,1,-2.262400,10.608110,1.475333,2.336120,-22.414167,0
2013-08-08,sz.002662,6.4500,6.5600,6.4100,6.5200,6.4800,2547745,16555859.0000,1.698642,1,0.617300,10.673592,1.484440,2.350540,-22.552526,0
2013-08-09,sz.002662,6.5300,6.5800,6.4100,6.5700,6.5200,3239840,21109394.0000,2.160078,1,0.766900,10.755445,1.495824,2.368566,-22.725475,0
2013-08-12,sz.002662,6.5900,6.7600,6.5500,6.7400,6.5700,6040445,40413104.0000,4.027307,1,2.587500,11.033744,1.534528,2.429853,-23.313501,0
2013-08-13,sz.002662,6.7400,6.7600,6.6400,6.7100,6.7400,4822336,32297704.0000,3.215165,1,-0.445100,10.984633,1.527698,2.419038,-23.209732,0
2013-08-14,sz.002662,6.7000,6.9800,6.7000,6.8400,6.7100,9775596,66996784.0000,6.517620,1,1.937400,11.197450,1.557296,2.465904,-23.659399,0
2013-08-15,sz.002662,6.8100,7.0800,6.7800,6.8200,6.8400,7002647,48412808.0000,4.668830,1,-0.292400,11.164709,1.552742,2.458694,-23.590219,0
2013-08-16,sz.002662,6.7200,6.9900,6.6300,6.6300,6.8200,6721561,45655624.0000,4.481423,1,-2.785900,10.853668,1.509484,2.390197,-22.933014,0
2013-08-19,sz.002662,6.5900,6.8300,6.5200,6.8200,6.6300,2985032,20014948.0000,1.990191,1,2.865800,11.164709,1.552742,2.458694,-23.590219,0
2013-08-20,sz.002662,6.8100,6.9400,6.7100,6.7700,6.8200,3666756,24977488.0000,2.444713,1,-0.733100,11.082856,1.541359,2.440668,-23.417270,0
2013-08-21,sz.002662,6.7600,6.8000,6.5900,6.7000,6.7700,6286453,41794652.0000,4.191326,1,-1.034000,11.919999,1.565319,2.375279,-11.509363,0
2013-08-22,sz.002662,6.6700,6.8400,6.6200,6.8000,6.7000,4757688,31942568.0000,3.172063,1,1.492500,12.097909,1.588682,2.410731,-11.681145,0
2013-08-23,sz.002662,6.9800,6.9800,6.6800,6.8500,6.8000,8303287,56783096.0000,5.535997,1,0.735300,12.186865,1.600364,2.428457,-11.767036,0
2013-08-26,sz.002662,6.8400,6.9800,6.7700,6.9700,6.8500,6511505,45063376.0000,4.341374,1,1.751800,12.400357,1.628399,2.470999,-11.973174,0
2013-08-27,sz.002662,6.9700,7.0200,6.9000,7.0200,6.9700,4052801,28214918.0000,2.702098,1,0.717400,12.489312,1.640081,2.488725,-12.059064,0
2013-08-28,sz.002662,7.0000,7.0200,6.8800,6.9400,7.0200,4826608,33527608.0000,3.218013,1,-1.139600,12.346984,1.621390,2.460363,-11.921639,0
2013-08-29,sz.002662,6.9500,6.9800,6.7900,6.7900,6.9400,5569516,38364496.0000,3.713328,1,-2.161400,12.080118,1.586346,2.407186,-11.663967,0
2013-08-30,sz.002662,6.9500,7.3700,6.7700,6.8500,6.7900,15609517,109393312.0000,10.407233,1,0.883700,12.186865,1.600364,2.428457,-11.767036,0
2013-09-02,sz.002662,6.8100,6.9200,6.5400,6.6800,6.8500,8062831,53717104.0000,5.375679,1,-2.481800,11.884417,1.560647,2.368188,-11.475007,0
2013-09-03,sz.002662,6.6700,6.7900,6.6600,6.7800,6.6800,4328980,29139100.0000,2.886233,1,1.497000,12.062327,1.584010,2.403640,-11.646789,0
2013-09-04,sz.002662,6.7500,6.8200,6.7000,6.7400,6.7800,3258990,21981642.0000,2.172845,1,-0.590000,11.991163,1.574664,2.389460,-11.578076,0
2013-09-05,sz.002662,6.7600,6.7700,6.6400,6.6600,6.7400,3832206,25575128.0000,2.555022,1,-1.186900,11.848835,1.555974,2.361098,-11.440651,0
2013-09-06,sz.002662,6.6400,6.7100,6.6200,6.7000,6.6600,3345260,22319988.0000,2.230364,1,0.600600,11.919999,1.565319,2.375279,-11.509363,0
2013-09-09,sz.002662,6.7000,6.7900,6.7000,6.7600,6.7000,4877014,32899406.0000,3.251620,1,0.895500,12.026745,1.579337,2.396550,-11.612432,0
2013-09-10,sz.002662,6.7600,6.8700,6.7500,6.8700,6.7600,4868951,33214648.0000,3.246244,1,1.627200,12.222447,1.605036,2.435547,-11.801392,0
2013-09-11,sz.002662,6.9400,6.9500,6.8100,6.8700,6.8700,6305977,43412889.0000,4.204343,1,0.000000,12.222447,1.605036,2.435547,-11.801392,0
2013-09-12,sz.002662,6.8900,7.0000,6.8300,6.9600,6.8700,6968948,48282919.0000,4.646362,1,1.310000,12.382566,1.626063,2.467454,-11.955995,0
2013-09-13,sz.002662,6.9700,6.9700,6.8400,6.9000,6.9600,4377683,30192072.0000,2.918704,1,-0.862100,12.275820,1.612045,2.446183,-11.852927,0
2013-09-16,sz.002662,6.9000,6.9100,6.8400,6.8500,6.9000,3445601,23653473.0000,2.297263,1,-0.724600,12.186865,1.600364,2.428457,-11.767036,0
2013-09-17,sz.002662,6.8400,6.9000,6.6100,6.6100,6.8500,5434353,36570792.0000,3.623211,1,-3.503600,11.759880,1.544293,2.343372,-11.354760,0
2013-09-18,sz.002662,6.6000,6.7300,6.6000,6.7300,6.6100,3079298,20535182.0000,2.053041,1,1.815400,11.973372,1.572328,2.385914,-11.560898,0
2013-09-23,sz.002662,6.7900,6.9100,6.7800,6.9000,6.7300,7156741,49134358.0000,4.771568,1,2.526000,12.275820,1.612045,2.446183,-11.852927,0
2013-09-24,sz.002662,6.8600,6.8700,6.7400,6.7800,6.9000,4346083,29559646.0000,2.897636,1,-1.739100,12.062327,1.584010,2.403640,-11.646789,0
2013-09-25,sz.002662,6.7900,6.9200,6.7500,6.8000,6.7800,4621104,31677652.0000,3.080999,1,0.295000,12.097909,1.588682,2.410731,-11.681145,0
2013-09-26,sz.002662,6.8000,6.8500,6.6700,6.6700,6.8000,3073944,20792335.0000,2.049471,1,-1.911800,11.866626,1.558310,2.364643,-11.457829,0
2013-09-27,sz.002662,6.6900,6.7900,6.6600,6.6900,6.6700,1820118,12176879.0000,1.213516,1,0.299900,11.902208,1.562983,2.371734,-11.492185,0
2013-09-30,sz.002662,6.6900,6.7200,6.6700,6.7000,6.6900,1781438,11928469.0000,1.187727,1,0.149500,11.919999,1.565319,2.375279,-11.509363,0
2013-10-08,sz.002662,6.6600,6.8000,6.6400,6.7900,6.7000,2677159,18045605.0000,1.784925,1,1.343300,12.080118,1.586346,2.407186,-11.663967,0
2013-10-09,sz.002662,6.7700,6.8800,6.7500,6.8700,6.7900,3856207,26376579.0000,2.571024,1,1.178200,12.222447,1.605036,2.435547,-11.801392,0
2013-10-10,sz.002662,6.8900,6.9000,6.7200,6.7600,6.8700,3987568,27108583.0000,2.658606,1,-1.601200,12.026745,1.579337,2.396550,-11.612432,0
2013-10-11,sz.002662,6.7800,6.8600,6.7600,6.8400,6.7600,4494461,30663417.0000,2.996563,1,1.183400,12.169074,1.598027,2.424912,-11.749858,0
2013-10-14,sz.002662,6.8600,7.1300,6.8600,7.0600,6.8400,11901887,83582789.0000,7.935268,1,3.216400,12.560477,1.649426,2.502906,-12.127777,0
2013-10-15,sz.002662,7.0900,7.0900,6.9600,7.0600,7.0600,5942837,41723686.0000,3.962229,1,0.000000,12.560477,1.649426,2.502906,-12.127777,0
2013-10-16,sz.002662,7.0400,7.0400,6.8000,6.8400,7.0600,4462142,30771452.0000,2.975015,1,-3.116100,12.169074,1.598027,2.424912,-11.749858,0
2013-10-17,sz.002662,6.8800,7.0400,6.8700,6.8800,6.8400,4896317,34092103.0000,3.264490,1,0.584800,12.240238,1.607373,2.439092,-11.818570,0
2013-10-18,sz.002662,6.9500,6.9600,6.8400,6.9400,6.8800,3499781,24181774.0000,2.333386,1,0.872100,12.346984,1.621390,2.460363,-11.921639,0
2013-10-21,sz.002662,6.9500,7.0600,6.9200,7.0500,6.9400,5699710,40005109.0000,3.800131,1,1.585000,12.542685,1.647090,2.499361,-12.110599,0
2013-10-22,sz.002662,7.0300,7.1600,6.9800,7.0300,7.0500,6763753,47787581.0000,4.509553,1,-0.283700,12.507103,1.642417,2.492270,-12.076243,0
2013-10-23,sz.002662,7.0500,7.1300,6.8400,6.8800,7.0300,6280009,43801097.0000,4.187030,1,-2.133700,12.029633,1.557062,2.335141,-19.900353,0
2013-10-24,sz.002662,6.8800,6.9100,6.7700,6.8000,6.8800,4715265,32178827.0000,3.143778,1,-1.162800,11.889753,1.538956,2.307989,-19.668954,0
2013-10-25,sz.002662,6.8300,6.8500,6.5900,6.6600,6.8000,5662532,37900915.0000,3.775343,1,-2.058800,11.644964,1.507272,2.260471,-19.264005,0
2013-10-28,sz.002662,6.6800,6.7200,6.6200,6.6900,6.6600,2355907,15714812.0000,1.570739,1,0.450500,11.697419,1.514061,2.270654,-19.350779,0
2013-10-29,sz.002662,6.7100,6.7500,6.3100,6.4400,6.6900,4413102,28741000.0000,2.942319,1,-3.736900,11.260296,1.457482,2.185801,-18.627656,0
2013-10-30,sz.002662,6.4700,6.5600,6.4100,6.5500,6.4400,2606376,16954191.0000,1.737732,1,1.708100,11.452630,1.482377,2.223136,-18.945830,0
2013-10-31,sz.002662,6.5500,6.6300,6.4900,6.5700,6.5500,2934093,19201787.0000,1.956229,1,0.305300,11.487600,1.486903,2.229924,-19.003680,0
2013-11-01,sz.002662,6.6900,6.7000,6.5900,6.6100,6.5700,2347349,15604495.0000,1.565033,1,0.608800,11.557539,1.495956,2.243501,-19.119380,0
2013-11-04,sz.002662,6.5800,6.8400,6.5800,6.8000,6.6100,5125588,34483269.0000,3.417350,1,2.874400,11.889753,1.538956,2.307989,-19.668954,0
2013-11-05,sz.002662,6.7800,6.9500,6.6800,6.8500,6.8000,6963068,47294317.0000,4.642441,1,0.735300,11.977178,1.550272,2.324959,-19.813578,0
2013-11-06,sz.002662,6.8300,6.8600,6.7100,6.7100,6.8500,4572520,31100708.0000,3.048607,1,-2.043800,11.732389,1.518588,2.277442,-19.408629,0
2013-11-07,sz.002662,6.6800,6.7300,6.5700,6.5700,6.7100,2863364,18999339.0000,1.909072,1,-2.086400,11.487600,1.486903,2.229924,-19.003680,0
2013-11-08,sz.002662,6.5600,6.5700,6.4300,6.4500,6.5700,2472735,16054323.0000,1.648631,1,-1.826500,11.277781,1.459745,2.189195,-18.656581,0
2013-11-11,sz.002662,6.4700,6.5500,6.4000,6.5300,6.4500,1314279,8533195.0000,0.876261,1,1.240300,11.417660,1.477851,2.216348,-18.887981,0
2013-11-12,sz.002662,6.5300,6.5800,6.4700,6.5600,6.5300,1913549,12509435.0000,1.275808,1,0.459400,11.470115,1.484640,2.226530,-18.974755,0
2013-11-13,sz.002662,6.5600,6.5700,6.4300,6.4300,6.5600,1944920,12610762.0000,1.296724,1,-1.981700,11.242811,1.455219,2.182407,-18.598731,0
2013-11-14,sz.002662,6.4100,6.4700,6.2700,6.4500,6.4300,2833207,18123114.0000,1.888966,1,0.311000,11.277781,1.459745,2.189195,-18.656581,0
2013-11-15,sz.002662,6.4700,6.6400,6.4400,6.6200,6.4500,4242766,27900826.0000,2.828752,1,2.635700,11.575024,1.498219,2.246895,-19.148305,0
2013-11-18,sz.002662,6.6200,6.7600,6.6000,6.7400,6.6200,4370418,29326021.0000,2.913861,1,1.812700,11.784844,1.525377,2.287624,-19.495404,0
2013-11-19,sz.002662,6.7400,6.7700,6.6600,6.7500,6.7400,3234956,21760853.0000,2.156821,1,0.148400,11.802328,1.527640,2.291018,-19.524329,0
2013-11-20,sz.002662,6.7500,6.8200,6.7200,6.8100,6.7500,3769703,25531337.0000,2.513350,1,0.888900,11.907238,1.541219,2.311383,-19.697879,0
2013-11-21,sz.002662,6.7400,6.8200,6.6900,6.7900,6.8100,3149735,21238094.0000,2.100003,1,-0.293700,11.872268,1.536693,2.304595,-19.640029,0
2013-11-22,sz.002662,6.7600,6.9400,6.7600,6.8000,6.7900,4740946,32508608.0000,3.160900,1,0.147300,11.889753,1.538956,2.307989,-19.668954,0
2013-11-25,sz.002662,6.7800,6.9300,6.7400,6.8600,6.8000,4894720,33644252.0000,3.263425,1,0.882400,11.994663,1.552535,2.328353,-19.842503,0
2013-11-26,sz.002662,6.8200,6.9700,6.8200,6.9500,6.8600,4625457,31960299.0000,3.083901,1,1.312000,12.152027,1.572904,2.358900,-20.102828,0
2013-11-27,sz.002662,6.9500,6.9600,6.8500,6.9500,6.9500,4594662,31791226.0000,3.063369,1,0.000000,12.152027,1.572904,2.358900,-20.102828,0
2013-11-28,sz.002662,6.9400,7.1100,6.9200,7.0700,6.9500,9083856,63780822.0000,6.056421,1,1.726600,12.361846,1.600062,2.399629,-20.449927,0
2013-11-29,sz.002662,7.0900,7.5600,7.0400,7.4300,7.0700,19107183,139797970.0000,12.739209,1,5.091900,12.991304,1.681536,2.521817,-21.491224,0
2013-12-02,sz.002662,7.2200,7.3500,6.8600,7.0000,7.4300,12673527,90403551.0000,8.449739,1,-5.787300,12.239452,1.584220,2.375871,-20.247452,0
2013-12-03,sz.002662,7.0200,7.4900,6.9200,7.4400,7.0000,10832419,78748240.0000,7.222229,1,6.285700,13.008789,1.683799,2.525211,-21.520149,0
2013-12-04,sz.002662,7.4000,7.7400,7.3800,7.4800,7.4400,14862783,112028161.0000,9.909368,1,0.537600,13.078728,1.692852,2.538788,-21.635849,0
2013-12-05,sz.002662,7.5000,7.9400,7.3700,7.8000,7.4800,16200582,124123002.0000,10.801310,1,4.278100,13.638246,1.765273,2.647399,-22.561447,0
2013-12-06,sz.002662,7.7900,7.8600,7.5800,7.6300,7.8000,9978663,76801741.0000,6.653010,1,-2.179500,13.341002,1.726799,2.589699,-22.069723,0
2013-12-09,sz.002662,7.6500,7.7800,7.5500,7.7200,7.6300,8432049,64486049.0000,5.621846,1,1.179600,13.498367,1.747168,2.620246,-22.330047,0
2013-12-10,sz.002662,7.6500,7.7200,7.5200,7.5400,7.7200,7729153,58839793.0000,5.153208,1,-2.331600,13.183638,1.706431,2.559152,-21.809399,0
2013-12-11,sz.002662,7.5300,7.5600,7.2300,7.3400,7.5400,8362648,61601696.0000,5.575574,1,-2.652500,12.833939,1.661168,2.491270,-21.230900,0
2013-12-12,sz.002662,7.3500,7.4500,7.2600,7.4500,7.3400,5280437,39044788.0000,3.520592,1,1.498600,13.026274,1.686062,2.528605,-21.549074,0
2013-12-13,sz.002662,7.4000,7.4700,7.3300,7.4000,7.4500,3881914,28718896.0000,2.588164,1,-0.671100,12.938849,1.674747,2.511635,-21.404450,0
2013-12-16,sz.002662,7.4000,7.4100,7.1500,7.1700,7.4000,6603751,47789084.0000,4.402876,1,-3.108100,12.536696,1.622694,2.433570,-20.739176,0
2013-12-17,sz.002662,7.1500,7.2300,7.1400,7.1800,7.1700,2958355,21246080.0000,1.972405,1,0.139500,12.554180,1.624957,2.436964,-20.768101,0
2013-12-18,sz.002662,7.2000,7.3200,7.1800,7.2800,7.1800,3096991,22470043.0000,2.064837,1,1.392800,12.729030,1.647588,2.470905,-21.057350,0
2013-12-19,sz.002662,7.2800,7.3800,7.1800,7.2000,7.2800,3323569,24214924.0000,2.215902,1,-1.098900,12.589150,1.629483,2.443753,-20.825951,0
2013-12-20,sz.002662,7.2200,7.2400,7.0500,7.0600,7.2000,2877672,20520409.0000,1.918612,1,-1.944400,12.344361,1.597799,2.396235,-20.421002,0
2013-12-23,sz.002662,7.0400,7.2100,6.9300,7.1500,7.0600,3108173,22041146.0000,2.072292,1,1.274800,12.501726,1.618167,2.426782,-20.681326,0
2013-12-24,sz.002662,7.1600,7.2700,7.0600,7.1700,7.1500,2741889,19704936.0000,1.828082,1,0.279700,12.536696,1.622694,2.433570,-20.739176,0
2013-12-25,sz.002662,7.1600,7.2800,7.1400,7.2700,7.1700,3036287,21895893.0000,2.024364,1,1.394700,12.711545,1.645325,2.467511,-21.028425,0
2013-12-26,sz.002662,7.2900,7.3600,7.0600,7.0800,7.2700,4482437,32487152.0000,2.988546,1,-2.613500,12.379331,1.602325,2.403023,-20.478852,0
2013-12-27,sz.002662,7.0500,7.3400,7.0200,7.2700,7.0800,4572402,33070688.0000,3.048528,1,2.683600,12.711545,1.645325,2.467511,-21.028425,0
2013-12-30,sz.002662,7.3400,7.3900,7.2700,7.3500,7.2700,3521422,25812481.0000,2.347815,1,1.100400,12.851424,1.663431,2.494664,-21.259825,0
2013-12-31,sz.002662,7.3200,7.3700,7.2600,7.3500,7.3500,2646301,19375923.0000,1.764351,1,0.000000,12.851424,1.663431,2.494664,-21.259825,0
2014-01-02,sz.002662,7.3400,7.5000,7.2800,7.4900,7.3500,4578679,33935266.0000,3.052713,1,1.904800,13.096213,1.695115,2.542182,-21.664774,0
2014-01-03,sz.002662,7.4800,7.6800,7.3700,7.6300,7.4900,8656012,65152612.0000,5.771167,1,1.869200,13.341002,1.726799,2.589699,-22.069723,0
2014-01-06,sz.002662,7.6300,7.6500,7.3300,7.3600,7.6300,6183151,46176824.0000,4.122452,1,-3.538700,12.868909,1.665694,2.498058,-21.288750,0
2014-01-07,sz.002662,7.3300,7.4300,7.2500,7.4000,7.3600,3406125,24993416.0000,2.270944,1,0.543500,12.938849,1.674747,2.511635,-21.404450,0
2014-01-08,sz.002662,7.4400,7.5400,7.3700,7.4900,7.4000,4000511,29846945.0000,2.667235,1,1.216200,13.096213,1.695115,2.542182,-21.664774,0
2014-01-09,sz.002662,7.4800,7.5600,7.1100,7.1300,7.4900,5014482,36876712.0000,3.343273,1,-4.806400,12.466756,1.613641,2.419994,-20.623476,0
2014-01-10,sz.002662,7.1100,7.1500,6.8200,6.8800,7.1300,4790491,33466532.0000,3.193933,1,-3.506300,12.029633,1.557062,2.335141,-19.900353,0
2014-01-13,sz.002662,6.8700,7.0100,6.8200,6.9800,6.8800,3586594,24845696.0000,2.391267,1,1.453500,12.204482,1.579693,2.369082,-20.189602,0
2014-01-14,sz.002662,6.9800,7.1400,6.9700,7.1100,6.9800,2392806,16930264.0000,1.595340,1,1.862500,12.431786,1.609115,2.413206,-20.565627,0
2014-01-15,sz.002662,7.0600,7.1500,7.0500,7.1200,7.1100,2017135,14322573.0000,1.344871,1,0.140600,12.449271,1.611378,2.416600,-20.594552,0
2014-01-16,sz.002662,7.1300,7.1700,7.0800,7.1000,7.1200,1974945,14083008.0000,1.316742,1,-0.280900,12.414301,1.606851,2.409812,-20.536702,0
2014-01-17,sz.002662,7.0900,7.0900,6.9000,7.0200,7.1000,2697119,18858024.0000,1.798233,1,-1.126800,12.274422,1.588746,2.382659,-20.305302,0
2014-01-20,sz.002662,7.0200,7.0300,6.8800,6.9400,7.0200,1552874,10807727.0000,1.035338,1,-1.139600,12.134542,1.570641,2.355506,-20.073903,0
2014-01-21,sz.002662,6.9500,7.0500,6.9500,7.0200,6.9400,1777816,12439362.0000,1.185312,1,1.152700,12.274422,1.588746,2.382659,-20.305302,0
2014-01-22,sz.002662,7.0400,7.1900,7.0400,7.1900,7.0200,2355803,16840170.0000,1.570669,1,2.421700,12.571665,1.627220,2.440359,-20.797026,0
2014-01-23,sz.002662,7.2100,7.2900,7.1500,7.2500,7.1900,3065885,22115300.0000,2.044098,1,0.834500,12.676575,1.640799,2.460723,-20.970576,0
2014-01-24,sz.002662,7.2200,7.4200,7.2000,7.4200,7.2500,5005469,36879884.0000,3.337264,1,2.344800,12.973819,1.679273,2.518423,-21.462299,0
2014-01-27,sz.002662,7.4100,7.4900,7.3500,7.3600,7.4200,3020948,22372329.0000,2.014137,1,-0.808600,12.868909,1.665694,2.498058,-21.288750,0
2014-01-28,sz.002662,7.3600,7.6400,7.3600,7.5300,7.3600,6530768,49212353.0000,4.354217,1,2.309800,13.166153,1.704168,2.555758,-21.780474,0
2014-01-29,sz.002662,7.5300,7.5800,7.4600,7.5300,7.5300,2863408,21576802.0000,1.909102,1,0.000000,13.166153,1.704168,2.555758,-21.780474,0
2014-01-30,sz.002662,7.5300,7.5400,7.3500,7.3700,7.5300,3009980,22295913.0000,2.006825,1,-2.124800,12.886394,1.667957,2.501452,-21.317675,0
2014-02-07,sz.002662,7.3300,7.4500,7.1800,7.4400,7.3700,4262693,31234587.0000,2.842038,1,0.949800,13.008789,1.683799,2.525211,-21.520149,0
2014-02-10,sz.002662,7.4700,7.6900,7.4700,7.6700,7.4400,6460616,49211719.0000,4.307445,1,3.091400,13.410942,1.735852,2.603275,-22.185423,0
2014-02-11,sz.002662,7.6600,7.8500,7.5400,7.6000,7.6700,6402011,49205352.0000,4.268372,1,-0.912600,13.288548,1.720010,2.579517,-21.982948,0
2014-02-12,sz.002662,7.6100,7.9600,7.5900,7.9000,7.6000,8061058,62818076.0000,5.374497,1,3.947400,13.813096,1.787905,2.681340,-22.850696,0
2014-02-13,sz.002662,7.8600,7.9400,7.7000,7.7100,7.9000,6024337,47177765.0000,4.016567,1,-2.405100,13.480882,1.744905,2.616852,-22.301122,0
2014-02-14,sz.002662,7.7100,7.8600,7.6600,7.8500,7.7100,5822066,45234607.0000,3.881709,1,1.815800,13.725671,1.776589,2.664369,-22.706072,0
2014-02-17,sz.002662,7.8800,8.2300,7.8300,8.1500,7.8500,11232203,90905840.0000,7.488774,1,3.821700,14.250219,1.844484,2.766192,-23.573819,0
2014-02-18,sz.002662,8.1300,8.2800,8.0200,8.2200,8.1500,8645853,70458300.0000,5.764394,1,0.858900,14.372613,1.860327,2.789951,-23.776294,0
2014-02-19,sz.002662,8.2200,8.2200,8.2200,8.2200,8.2200,0,0.0000,,0,0.000000,14.372613,1.860327,2.789951,-23.776294,0
2014-02-20,sz.002662,8.2200,8.2200,8.2200,8.2200,8.2200,0,0.0000,,0,0.000000,14.372613,1.860327,2.789951,-23.776294,0
2014-02-21,sz.002662,8.2200,8.2200,8.2200,8.2200,8.2200,0,0.0000,,0,0.000000,14.372613,1.860327,2.789951,-23.776294,0
2014-02-24,sz.002662,8.2200,8.2200,8.2200,8.2200,8.2200,0,0.0000,,0,0.000000,14.372613,1.860327,2.789951,-23.776294,0
2014-02-25,sz.002662,8.2200,8.2200,8.2200,8.2200,8.2200,0,0.0000,,0,0.000000,14.372613,1.860327,2.789951,-23.776294,0
2014-02-26,sz.002662,8.2200,8.2200,8.2200,8.2200,8.2200,0,0.0000,,0,0.000000,14.372613,1.860327,2.789951,-23.776294,0
2014-02-27,sz.002662,8.2200,8.2200,8.2200,8.2200,8.2200,0,0.0000,,0,0.000000,15.560433,1.860327,2.741239,-23.776294,0
2014-02-28,sz.002662,8.2200,8.2200,8.2200,8.2200,8.2200,0,0.0000,,0,0.000000,15.560433,1.860327,2.741239,-23.776294,0
2014-03-03,sz.002662,8.2200,8.2200,8.2200,8.2200,8.2200,0,0.0000,,0,0.000000,15.560433,1.860327,2.741239,-23.776294,0
2014-03-04,sz.002662,8.2200,8.2200,8.2200,8.2200,8.2200,0,0.0000,,0,0.000000,15.560433,1.860327,2.741239,-23.776294,0
2014-03-05,sz.002662,8.2200,8.2200,8.2200,8.2200,8.2200,0,0.0000,,0,0.000000,15.560433,1.860327,2.741239,-23.776294,0
2014-03-06,sz.002662,8.2200,8.2200,8.2200,8.2200,8.2200,0,0.0000,,0,0.000000,15.560433,1.860327,2.741239,-23.776294,0
2014-03-07,sz.002662,8.2200,8.2200,8.2200,8.2200,8.2200,0,0.0000,,0,0.000000,15.560433,1.860327,2.741239,-23.776294,0
2014-03-10,sz.002662,8.2200,8.2200,8.2200,8.2200,8.2200,0,0.0000,,0,0.000000,15.560433,1.860327,2.741239,-23.776294,0
2014-03-11,sz.002662,8.2200,8.2200,8.2200,8.2200,8.2200,0,0.0000,,0,0.000000,15.560433,1.860327,2.741239,-23.776294,0
2014-03-12,sz.002662,8.2200,8.2200,8.2200,8.2200,8.2200,0,0.0000,,0,0.000000,15.560433,1.860327,2.741239,-23.776294,0
2014-03-13,sz.002662,8.2200,8.2200,8.2200,8.2200,8.2200,0,0.0000,,0,0.000000,15.560433,1.860327,2.741239,-23.776294,0
2014-03-14,sz.002662,8.2200,8.2200,8.2200,8.2200,8.2200,0,0.0000,,0,0.000000,15.560433,1.860327,2.741239,-23.776294,0
2014-03-17,sz.002662,8.2200,8.2200,8.2200,8.2200,8.2200,0,0.0000,,0,0.000000,15.560433,1.860327,2.741239,-23.776294,0
2014-03-18,sz.002662,8.2200,8.2200,8.2200,8.2200,8.2200,0,0.0000,,0,0.000000,15.560433,1.860327,2.741239,-23.776294,0
2014-03-19,sz.002662,8.2200,8.2200,8.2200,8.2200,8.2200,0,0.0000,,0,0.000000,15.560433,1.860327,2.741239,-23.776294,0
2014-03-20,sz.002662,8.2200,8.2200,8.2200,8.2200,8.2200,0,0.0000,,0,0.000000,15.560433,1.860327,2.741239,-23.776294,0
2014-03-21,sz.002662,8.2200,8.2200,8.2200,8.2200,8.2200,0,0.0000,,0,0.000000,15.560433,1.860327,2.741239,-23.776294,0
2014-03-24,sz.002662,8.2200,8.2200,8.2200,8.2200,8.2200,0,0.0000,,0,0.000000,15.560433,1.860327,2.741239,-23.776294,0
2014-03-25,sz.002662,8.2200,8.2200,8.2200,8.2200,8.2200,0,0.0000,,0,0.000000,15.560433,1.860327,2.741239,-23.776294,0
2014-03-26,sz.002662,8.2200,8.2200,8.2200,8.2200,8.2200,0,0.0000,,0,0.000000,15.560433,1.860327,2.741239,-23.776294,0
2014-03-27,sz.002662,8.2200,8.2200,8.2200,8.2200,8.2200,0,0.0000,,0,0.000000,15.556831,1.803550,2.741239,-22.189970,0
2014-03-28,sz.002662,8.2200,8.2200,8.2200,8.2200,8.2200,0,0.0000,,0,0.000000,15.556831,1.803550,2.741239,-22.189970,0
2014-03-31,sz.002662,8.2200,8.2200,8.2200,8.2200,8.2200,0,0.0000,,0,0.000000,15.556831,1.803550,2.741239,-22.189970,0
2014-04-01,sz.002662,8.2200,8.2200,8.2200,8.2200,8.2200,0,0.0000,,0,0.000000,15.556831,1.803550,2.741239,-22.189970,0
2014-04-02,sz.002662,8.2200,8.2200,8.2200,8.2200,8.2200,0,0.0000,,0,0.000000,15.556831,1.803550,2.741239,-22.189970,0
2014-04-03,sz.002662,8.2200,8.2200,8.2200,8.2200,8.2200,0,0.0000,,0,0.000000,15.556831,1.803550,2.741239,-22.189970,0
2014-04-04,sz.002662,8.2200,8.2200,8.2200,8.2200,8.2200,0,0.0000,,0,0.000000,15.556831,1.803550,2.741239,-22.189970,0
2014-04-08,sz.002662,8.2200,8.2200,8.2200,8.2200,8.2200,0,0.0000,,0,0.000000,15.556831,1.803550,2.741239,-22.189970,0
2014-04-09,sz.002662,8.2200,8.2200,8.2200,8.2200,8.2200,0,0.0000,,0,0.000000,15.556831,1.803550,2.741239,-22.189970,0
2014-04-10,sz.002662,8.2200,8.2200,8.2200,8.2200,8.2200,0,0.0000,,0,0.000000,15.556831,1.803550,2.741239,-22.189970,0
2014-04-11,sz.002662,8.2200,8.2200,8.2200,8.2200,8.2200,0,0.0000,,0,0.000000,15.556831,1.803550,2.741239,-22.189970,0
2014-04-14,sz.002662,8.2200,8.2200,8.2200,8.2200,8.2200,0,0.0000,,0,0.000000,15.556831,1.803550,2.741239,-22.189970,0
2014-04-15,sz.002662,8.2200,8.2200,8.2200,8.2200,8.2200,0,0.0000,,0,0.000000,15.556831,1.803550,2.741239,-22.189970,0
2014-04-16,sz.002662,8.2200,8.2200,8.2200,8.2200,8.2200,0,0.0000,,0,0.000000,15.556831,1.803550,2.741239,-22.189970,0
2014-04-17,sz.002662,8.2200,8.2200,8.2200,8.2200,8.2200,0,0.0000,,0,0.000000,15.556831,1.803550,2.741239,-22.189970,0
2014-04-18,sz.002662,8.2200,8.2200,8.2200,8.2200,8.2200,0,0.0000,,0,0.000000,15.556831,1.803550,2.741239,-22.189970,0
2014-04-21,sz.002662,8.2200,8.2200,8.2200,8.2200,8.2200,0,0.0000,,0,0.000000,15.556831,1.803550,2.741239,-22.189970,0
2014-04-22,sz.002662,8.2200,8.2200,8.2200,8.2200,8.2200,0,0.0000,,0,0.000000,15.556831,1.803550,2.741239,-22.189970,0
2014-04-23,sz.002662,8.2200,8.2200,8.2200,8.2200,8.2200,0,0.0000,,0,0.000000,15.556831,1.803550,2.741239,-22.189970,0
2014-04-24,sz.002662,8.2200,8.2200,8.2200,8.2200,8.2200,0,0.0000,,0,0.000000,15.556831,1.803550,2.741239,-22.189970,0
2014-04-25,sz.002662,8.2200,8.2200,8.2200,8.2200,8.2200,0,0.0000,,0,0.000000,15.647132,1.761053,2.666934,-29.454024,0
2014-04-28,sz.002662,8.2200,8.2200,8.2200,8.2200,8.2200,0,0.0000,,0,0.000000,15.647132,1.761053,2.666934,-29.454024,0
2014-04-29,sz.002662,8.2200,8.2200,8.2200,8.2200,8.2200,0,0.0000,,0,0.000000,15.647132,1.761053,2.666934,-29.454024,0
2014-04-30,sz.002662,8.2200,8.2200,8.2200,8.2200,8.2200,0,0.0000,,0,0.000000,15.647132,1.761053,2.666934,-29.454024,0
2014-05-05,sz.002662,8.2200,8.2200,8.2200,8.2200,8.2200,0,0.0000,,0,0.000000,15.647132,1.761053,2.666934,-29.454024,0
2014-05-06,sz.002662,8.2200,8.2200,8.2200,8.2200,8.2200,0,0.0000,,0,0.000000,15.647132,1.761053,2.666934,-29.454024,0
2014-05-07,sz.002662,8.2200,8.2200,8.2200,8.2200,8.2200,0,0.0000,,0,0.000000,15.647132,1.761053,2.666934,-29.454024,0
2014-05-08,sz.002662,8.2200,8.2200,8.2200,8.2200,8.2200,0,0.0000,,0,0.000000,15.647132,1.761053,2.666934,-29.454024,0
2014-05-09,sz.002662,8.2200,8.2200,8.2200,8.2200,8.2200,0,0.0000,,0,0.000000,15.647132,1.761053,2.666934,-29.454024,0
2014-05-12,sz.002662,8.2200,8.2200,8.2200,8.2200,8.2200,0,0.0000,,0,0.000000,15.647132,1.761053,2.666934,-29.454024,0
2014-05-13,sz.002662,8.2200,8.2200,8.2200,8.2200,8.2200,0,0.0000,,0,0.000000,15.647132,1.761053,2.666934,-29.454024,0
2014-05-14,sz.002662,9.0400,9.0400,8.5500,9.0400,8.2200,21943894,196283785.0000,14.630511,1,9.975700,17.208038,1.936730,2.932979,-32.392260,0
2014-05-15,sz.002662,9.3600,9.8400,9.0600,9.1700,9.0400,32610582,306597024.0000,21.742243,1,1.438100,17.455499,1.964581,2.975157,-32.858078,0
2014-05-16,sz.002662,9.0500,9.5000,8.8500,9.2200,9.1700,18955438,174944986.0000,12.638037,1,0.545300,17.550676,1.975293,2.991379,-33.037239,0
2014-05-19,sz.002662,8.9800,9.0600,8.5900,8.6100,9.2200,17006147,148974340.0000,11.338399,1,-6.616100,16.389514,1.844606,2.793468,-30.851478,0
2014-05-20,sz.002662,8.6000,8.7800,8.3300,8.4400,8.6100,12996960,111081284.0000,8.665379,1,-1.974400,16.065912,1.808186,2.738312,-30.242331,0
2014-05-21,sz.002662,8.3600,8.6000,8.2000,8.5600,8.4400,10421101,87823820.0000,6.947994,1,1.421800,16.294337,1.833894,2.777245,-30.672317,0
2014-05-22,sz.002662,8.5200,8.6500,8.3600,8.3600,8.5600,10194215,86508450.0000,6.796723,1,-2.336500,15.913628,1.791046,2.712357,-29.955674,0
2014-05-23,sz.002662,8.2800,8.4600,8.2600,8.4000,8.3600,5206936,43637681.0000,3.471587,1,0.478500,15.989770,1.799616,2.725334,-30.099003,0
2014-05-26,sz.002662,8.4400,8.6700,8.4200,8.5900,8.4000,6023737,51624164.0000,4.016167,1,2.261900,16.351443,1.840322,2.786979,-30.779814,0
2014-05-27,sz.002662,8.5400,8.5900,8.4000,8.4300,8.5900,4536526,38387566.0000,3.024609,1,-1.862600,16.046876,1.806043,2.735068,-30.206499,0
2014-05-28,sz.002662,8.4200,8.5400,8.3500,8.5100,8.4300,4663928,39402778.0000,3.109551,1,0.949000,16.199160,1.823182,2.761023,-30.493157,0
2014-05-29,sz.002662,8.5100,8.6100,8.4100,8.4700,8.5100,4407029,37521464.0000,2.938270,1,-0.470000,16.123018,1.814613,2.748045,-30.349828,0
2014-05-30,sz.002662,8.4700,8.5000,8.1400,8.1500,8.4700,6870327,56556477.0000,4.580609,1,-3.778000,15.513884,1.746056,2.644223,-29.203199,0
2014-06-03,sz.002662,8.1000,8.3300,8.1000,8.2700,8.1500,4589619,37783068.0000,3.060007,1,1.472400,15.742309,1.771765,2.683157,-29.633185,0
2014-06-04,sz.002662,8.2600,8.2700,8.1000,8.2100,8.2700,3003402,24595415.0000,2.002439,1,-0.725500,15.628096,1.758910,2.663690,-29.418192,0
2014-06-05,sz.002662,8.1700,8.2400,8.1300,8.2200,8.2100,2543797,20822932.0000,1.696009,1,0.121800,15.647132,1.761053,2.666934,-29.454024,0
2014-06-06,sz.002662,8.2300,8.2500,8.0100,8.1900,8.2200,3442972,28102163.0000,2.295511,1,-0.365000,15.590026,1.754626,2.657201,-29.346528,0
2014-06-09,sz.002662,8.1100,8.1600,8.0600,8.1300,8.1900,2045070,16586695.0000,1.363496,1,-0.732600,15.475813,1.741771,2.637734,-29.131535,0
2014-06-10,sz.002662,8.1300,8.2300,7.9900,8.2300,8.1300,3929289,31872245.0000,2.619750,1,1.230000,15.666167,1.763195,2.670179,-29.489856,0
2014-06-11,sz.002662,8.2000,8.2800,8.1600,8.2500,8.2300,2408339,19812034.0000,1.605696,1,0.243000,15.704238,1.767480,2.676668,-29.561521,0
2014-06-12,sz.002662,8.2500,8.2600,8.0500,8.1200,8.2500,2227083,18120648.0000,1.484849,1,-1.575800,15.456777,1.739629,2.634490,-29.095703,0
2014-06-13,sz.002662,8.1300,8.4200,8.0700,8.3400,8.1200,4647332,38517541.0000,3.098486,1,2.709400,15.875557,1.786762,2.705868,-29.884010,0
2014-06-16,sz.002662,8.3000,8.5000,8.3000,8.4800,8.3400,5058418,42811627.0000,3.372566,1,1.678600,16.142053,1.816755,2.751290,-30.385660,0
2014-06-17,sz.002662,8.4900,8.5000,8.3100,8.3600,8.4800,2871455,24056991.0000,1.914467,1,-1.415100,15.913628,1.791046,2.712357,-29.955674,0
2014-06-18,sz.002662,8.3500,8.3800,8.1800,8.2800,8.3600,2674498,22088605.0000,1.783151,1,-0.956900,15.761345,1.773907,2.686401,-29.669017,0
2014-06-19,sz.002662,8.0200,8.0400,7.4600,7.6200,8.0200,5023156,38619432.0000,3.349056,1,-4.987500,14.505005,1.632509,2.472268,-27.304095,0
2014-06-20,sz.002662,7.5600,7.6600,7.4800,7.6200,7.6200,2247301,17027866.0000,1.498329,1,0.000000,14.505005,1.632509,2.472268,-27.304095,0
2014-06-23,sz.002662,7.6700,7.7400,7.6300,7.7000,7.6200,1815398,13990925.0000,1.210369,1,1.049900,14.657289,1.649648,2.498223,-27.590753,0
2014-06-24,sz.002662,7.6600,7.7400,7.6600,7.7000,7.7000,1777099,13665603.0000,1.184834,1,0.000000,14.657289,1.649648,2.498223,-27.590753,0
2014-06-25,sz.002662,7.6900,7.6900,7.5600,7.6200,7.7000,2356590,17921782.0000,1.571194,1,-1.039000,14.505005,1.632509,2.472268,-27.304095,0
2014-06-26,sz.002662,7.6200,7.8500,7.6200,7.8100,7.6200,2718559,21187993.0000,1.812527,1,2.493400,14.866679,1.673214,2.533912,-27.984906,0
2014-06-27,sz.002662,7.8100,7.9900,7.7500,7.9400,7.8100,3405475,26871037.0000,2.270510,1,1.664500,15.114140,1.701066,2.576090,-28.450724,0
2014-06-30,sz.002662,7.9400,8.0300,7.9000,8.0300,7.9400,3172467,25289888.0000,2.115158,1,1.133500,15.285459,1.720347,2.605290,-28.773213,0
2014-07-01,sz.002662,8.0000,8.0800,7.9400,8.0200,8.0300,2773216,22198937.0000,1.848968,1,-0.124500,15.266423,1.718205,2.602045,-28.737381,0
2014-07-02,sz.002662,8.0000,8.0600,7.9000,8.0600,8.0200,2666448,21332228.0000,1.777784,1,0.498800,15.342565,1.726774,2.615023,-28.880710,0
2014-07-03,sz.002662,8.0600,8.2700,8.0200,8.2400,8.0600,4861927,39556528.0000,3.241561,1,2.233200,15.685203,1.765338,2.673423,-29.525689,0
2014-07-04,sz.002662,8.2500,8.2500,8.1500,8.2300,8.2400,3771694,30900140.0000,2.514677,1,-0.121400,15.666167,1.763195,2.670179,-29.489856,0
2014-07-07,sz.002662,8.2000,8.2000,8.0500,8.1800,8.2300,4064473,32970411.0000,2.709880,1,-0.607500,15.570990,1.752483,2.653956,-29.310696,0
2014-07-08,sz.002662,8.2000,8.2800,8.0800,8.2400,8.1800,3614928,29644630.0000,2.410158,1,0.733500,15.685203,1.765338,2.673423,-29.525689,0
2014-07-09,sz.002662,8.2500,8.8500,8.1800,8.4900,8.2400,12902482,111013259.0000,8.602389,1,3.034000,16.161089,1.818898,2.754534,-30.421492,0
2014-07-10,sz.002662,8.4800,8.9700,8.4800,8.8500,8.4900,10594401,93619547.0000,7.063537,1,4.240300,16.846365,1.896024,2.871334,-31.711449,0
2014-07-11,sz.002662,8.8100,8.9800,8.6500,8.8000,8.8500,5979069,52685809.0000,3.986386,1,-0.565000,16.751187,1.885312,2.855112,-31.532289,0
2014-07-14,sz.002662,8.8100,9.2000,8.7200,9.0600,8.8000,6682976,59991952.0000,4.455698,1,2.954500,17.246109,1.941015,2.939468,-32.463925,0
2014-07-15,sz.002662,9.0500,9.2200,8.8100,9.0000,9.0600,6173416,55735225.0000,4.115962,1,-0.662300,17.131896,1.928160,2.920001,-32.248932,0
2014-07-16,sz.002662,8.9000,8.9600,8.6500,8.6800,9.0000,4747940,41471392.0000,3.165563,1,-3.555600,16.522762,1.859603,2.816179,-31.102303,0
2014-07-17,sz.002662,8.6200,8.6800,8.3500,8.4100,8.6800,5844789,49511453.0000,3.896859,1,-3.110600,16.008805,1.801758,2.728579,-30.134835,0
2014-07-18,sz.002662,8.4200,9.1400,8.3800,8.8000,8.4100,6766060,59491758.0000,4.511092,1,4.637300,16.751187,1.885312,2.855112,-31.532289,0
2014-07-21,sz.002662,8.7900,9.0700,8.4800,8.8000,8.8000,4917039,43724365.0000,3.278306,1,0.000000,16.751187,1.885312,2.855112,-31.532289,0
2014-07-22,sz.002662,8.7100,8.9800,8.7000,8.7700,8.8000,3869187,34239235.0000,2.579678,1,-0.340900,16.694081,1.878885,2.845379,-31.424792,0
2014-07-23,sz.002662,8.7000,8.8000,8.5200,8.6000,8.7700,4351461,37683384.0000,2.901222,1,-1.938400,16.370479,1.842464,2.790223,-30.815646,0
2014-07-24,sz.002662,8.6200,8.7100,8.5400,8.6000,8.6000,2833515,24419851.0000,1.889171,1,0.000000,16.370479,1.842464,2.790223,-30.815646,0
2014-07-25,sz.002662,8.6500,8.7200,8.5300,8.6900,8.6000,2522709,21749080.0000,1.681950,1,1.046500,16.541798,1.861746,2.819423,-31.138135,0
2014-07-28,sz.002662,8.7100,8.9400,8.6700,8.7600,8.6900,4608620,40504355.0000,3.072676,1,0.805500,16.675046,1.876742,2.842134,-31.388960,0
2014-07-29,sz.002662,8.7600,9.0100,8.7200,8.9300,8.7600,4674167,41716919.0000,3.116377,1,1.940600,16.998648,1.913163,2.897290,-31.998107,0
2014-07-30,sz.002662,8.9700,8.9800,8.7200,8.7800,8.9300,5635920,49613920.0000,3.757601,1,-1.679700,16.713117,1.881027,2.848623,-31.460624,0
2014-07-31,sz.002662,8.8200,8.8900,8.7600,8.7800,8.7800,5461940,47997829.0000,3.641604,1,0.000000,16.713117,1.881027,2.848623,-31.460624,0
2014-08-01,sz.002662,8.7600,8.7700,8.5600,8.6000,8.7800,5474693,47335717.0000,3.650107,1,-2.050100,16.370479,1.842464,2.790223,-30.815646,0
2014-08-04,sz.002662,8.5900,8.9000,8.5900,8.8800,8.6000,5941715,52333580.0000,3.961481,1,3.255800,16.903471,1.902451,2.881068,-31.818946,0
2014-08-05,sz.002662,8.8700,9.0200,8.8300,8.9400,8.8800,4383238,39096685.0000,2.922408,1,0.675700,17.017684,1.915306,2.900534,-32.033939,0
2014-08-06,sz.002662,9.0000,9.3600,8.9600,9.3400,8.9400,10974447,100636296.0000,7.316922,1,4.474300,17.779101,2.001002,3.030312,-33.467225,0
2014-08-07,sz.002662,9.3000,9.5300,9.2900,9.3500,9.3400,9030316,85027776.0000,6.020724,1,0.107100,17.798137,2.003144,3.033557,-33.503057,0
2014-08-08,sz.002662,9.4200,9.6000,9.2400,9.5800,9.3500,7414826,69985213.0000,4.943639,1,2.459900,18.235952,2.052419,3.108179,-34.327196,0
2014-08-11,sz.002662,9.5800,9.6800,9.5300,9.5900,9.5800,5043359,48461507.0000,3.362526,1,0.104400,18.254987,2.054562,3.111423,-34.363028,0
2014-08-12,sz.002662,9.5900,10.1300,9.5000,9.9900,9.5900,7072354,70042419.0000,4.715305,1,4.171000,19.016405,2.140258,3.241201,-35.796314,0
2014-08-13,sz.002662,9.9500,10.0500,9.7200,9.9100,9.9900,4526567,44691506.0000,3.017969,1,-0.800800,18.864121,2.123119,3.215246,-35.509657,0
2014-08-14,sz.002662,9.9300,9.9300,9.6200,9.6300,9.9100,4178613,40901948.0000,2.785980,1,-2.825400,18.331129,2.063131,3.124401,-34.506357,0
2014-08-15,sz.002662,9.6800,9.8500,9.5300,9.7000,9.6300,3294470,31973395.0000,2.196501,1,0.726900,18.464377,2.078128,3.147112,-34.757182,0
2014-08-18,sz.002662,9.7000,10.1000,9.7000,9.9700,9.7000,4251313,42265179.0000,2.834451,1,2.783500,18.978334,2.135973,3.234712,-35.724650,0
2014-08-19,sz.002662,9.9900,10.0400,9.7300,9.8000,9.9700,3766313,37148228.0000,2.511090,1,-1.705100,18.654731,2.099552,3.179557,-35.115503,0
2014-08-20,sz.002662,9.7700,10.0000,9.7400,9.9100,9.8000,3356782,33213129.0000,2.238046,1,1.122400,18.864121,2.123119,3.215246,-35.509657,0
2014-08-21,sz.002662,9.9000,10.0300,9.6900,9.8300,9.9100,2933326,28872847.0000,1.955718,1,-0.807300,18.711838,2.105979,3.189290,-35.223000,0
2014-08-22,sz.002662,9.8200,9.8900,9.5000,9.7200,9.8300,5783329,55846489.0000,3.855882,1,-1.119000,18.502448,2.082413,3.153601,-34.828846,0
2014-08-25,sz.002662,9.7600,10.6900,9.6600,10.6900,9.7200,15349054,159856717.0000,10.233576,1,9.979400,20.348886,2.290226,3.468312,-38.304564,0
2014-08-26,sz.002662,10.8000,10.9600,10.3900,10.6600,10.6900,15303660,163010112.0000,10.203311,1,-0.280600,19.343326,2.331845,3.279554,-31.499509,0
2014-08-27,sz.002662,10.6400,10.7500,10.5000,10.6600,10.6600,6196015,65849175.0000,4.131029,1,0.000000,19.343326,2.331845,3.279554,-31.499509,0
2014-08-28,sz.002662,10.6200,10.6300,10.1500,10.5000,10.6600,7396456,77079063.0000,4.931391,1,-1.500900,19.052994,2.296845,3.230330,-31.026721,0
2014-08-29,sz.002662,10.4700,10.5400,10.2900,10.5300,10.5000,2416434,25189139.0000,1.611093,1,0.285700,19.107431,2.303407,3.239559,-31.115369,0
2014-09-01,sz.002662,10.5500,11.2000,10.4200,11.1500,10.5300,5912883,64711646.0000,3.942258,1,5.887900,20.232465,2.439031,3.430303,-32.947423,0
2014-09-02,sz.002662,11.1600,11.4200,10.9600,11.2900,11.1500,5586307,62994248.0000,3.724522,1,1.255600,20.486505,2.469655,3.473374,-33.361112,0
2014-09-03,sz.002662,11.3300,12.4200,11.3100,11.9200,11.2900,9978456,119950784.0000,6.652872,1,5.580200,21.629685,2.607466,3.667193,-35.222716,0
2014-09-04,sz.002662,11.9300,12.1200,11.6500,11.9900,11.9200,6128744,72985822.0000,4.086178,1,0.587200,21.756705,2.622778,3.688729,-35.429560,0
2014-09-05,sz.002662,12.2300,12.5000,11.9700,12.2200,11.9900,10078312,123178036.0000,6.719448,1,1.918300,22.174056,2.673090,3.759489,-36.109193,0
2014-09-09,sz.002662,12.3000,12.3500,11.9700,12.2300,12.2200,5605040,68405554.0000,3.737012,1,0.081800,22.192202,2.675278,3.762565,-36.138743,0
2014-09-10,sz.002662,12.2500,12.4700,12.0500,12.2300,12.2300,6447655,79076526.0000,4.298803,1,0.000000,22.192202,2.675278,3.762565,-36.138743,0
2014-09-11,sz.002662,12.2300,12.2300,12.2300,12.2300,12.2300,0,0.0000,,0,0.000000,22.192202,2.675278,3.762565,-36.138743,0
2014-09-12,sz.002662,12.2300,12.2300,12.2300,12.2300,12.2300,0,0.0000,,0,0.000000,22.192202,2.675278,3.762565,-36.138743,0
2014-09-15,sz.002662,12.2300,12.2300,12.2300,12.2300,12.2300,0,0.0000,,0,0.000000,22.192202,2.675278,3.762565,-36.138743,0
2014-09-16,sz.002662,12.2300,12.2300,12.2300,12.2300,12.2300,0,0.0000,,0,0.000000,22.192202,2.675278,3.762565,-36.138743,0
2014-09-17,sz.002662,12.2300,12.2300,12.2300,12.2300,12.2300,0,0.0000,,0,0.000000,22.192202,2.675278,3.762565,-36.138743,0
2014-09-18,sz.002662,13.0000,13.0000,12.2200,12.4500,12.2300,9434737,118111618.0000,6.290361,1,1.798900,22.591408,2.723402,3.830248,-36.788826,0
2014-09-19,sz.002662,12.2800,12.4400,11.9600,12.2000,12.4500,5276088,64160451.0000,3.517692,1,-2.008000,22.137765,2.668715,3.753336,-36.050095,0
2014-09-22,sz.002662,12.0800,12.7200,12.0100,12.5200,12.2000,6746829,84314970.0000,4.498270,1,2.623000,22.718428,2.738714,3.851784,-36.995671,0
2014-09-23,sz.002662,12.5000,13.6800,12.4000,13.1500,12.5200,7441940,97984143.0000,4.961717,1,5.031900,23.861607,2.876525,4.045603,-38.857274,0
2014-09-24,sz.002662,13.1400,13.7000,13.0500,13.1500,13.1500,5362972,71173663.0000,3.575620,1,0.000000,23.861607,2.876525,4.045603,-38.857274,0
2014-09-25,sz.002662,13.2200,13.2800,12.7500,12.8000,13.1500,4804670,62444960.0000,3.203387,1,-2.661600,23.226507,2.799963,3.937926,-37.823050,0
2014-09-26,sz.002662,12.7600,13.0000,12.6800,12.9300,12.8000,2090710,26840259.0000,1.393926,1,1.015600,23.462402,2.828401,3.977920,-38.207191,0
2014-09-29,sz.002662,12.9500,13.3000,12.0100,13.1300,12.9300,12196064,152974307.0000,8.131403,1,1.546800,23.825316,2.872150,4.039450,-38.798176,0
2014-09-30,sz.002662,12.8100,13.1300,12.6000,12.6700,13.1300,7506336,96446832.0000,5.004651,1,-3.503400,22.990613,2.771526,3.897931,-37.438910,0
2014-10-08,sz.002662,12.6500,12.6800,12.3800,12.5800,12.6700,5319574,66546920.0000,3.546685,1,-0.710300,22.827302,2.751839,3.870243,-37.172967,0
2014-10-09,sz.002662,12.6300,12.7000,12.4000,12.6600,12.5800,4754442,59690682.0000,3.169898,1,0.635900,22.972467,2.769339,3.894855,-37.409361,0
2014-10-10,sz.002662,12.6000,12.6000,12.2400,12.2800,12.6600,5626871,69773691.0000,3.751567,1,-3.001600,22.282931,2.686215,3.777948,-36.286489,0
2014-10-13,sz.002662,12.2400,12.4700,12.0100,12.4400,12.2800,3669259,44755250.0000,2.446381,1,1.302900,22.573262,2.721214,3.827172,-36.759277,0
2014-10-14,sz.002662,12.3900,13.0800,12.3100,13.0500,12.4400,9713575,124418844.0000,6.476269,1,4.903500,23.680150,2.854650,4.014838,-38.561782,0
2014-10-15,sz.002662,13.0400,13.1000,12.7500,12.9300,13.0500,4588620,59444436.0000,3.059341,1,-0.919500,23.462402,2.828401,3.977920,-38.207191,0
2014-10-16,sz.002662,12.8100,13.1000,12.4000,12.4600,12.9300,4365420,55894751.0000,2.910528,1,-3.635000,22.609553,2.725589,3.833325,-36.818376,0
2014-10-17,sz.002662,12.3900,12.7000,12.1000,12.5100,12.4600,3119275,38800783.0000,2.079694,1,0.401300,22.700282,2.736527,3.848707,-36.966122,0
2014-10-20,sz.002662,12.4500,12.8200,12.4500,12.6900,12.5100,2631167,33341990.0000,1.754261,1,1.438800,23.026905,2.775901,3.904084,-37.498008,0
2014-10-21,sz.002662,12.6000,12.7800,12.2700,12.3200,12.6900,3194493,39874073.0000,2.129844,1,-2.915700,22.355513,2.694965,3.790254,-36.404686,0
2014-10-22,sz.002662,12.3000,12.4300,11.9400,11.9400,12.3200,3470863,42156204.0000,2.314106,1,-3.084400,21.665976,2.611841,3.673346,-35.281814,0
2014-10-23,sz.002662,11.8500,11.9500,11.3500,11.5500,11.9400,3745623,43559194.0000,2.497295,1,-3.266300,20.958294,2.526530,3.553363,-34.129393,0
2014-10-24,sz.002662,11.5500,11.7900,11.4800,11.7900,11.5500,3682191,42922959.0000,2.455003,1,2.077900,21.393791,2.579029,3.627199,-34.838575,0
2014-10-27,sz.002662,11.8200,12.1200,11.6500,11.9100,11.7900,2581660,30795761.0000,1.721254,1,1.017800,21.611539,2.605279,3.664117,-35.193166,0
2014-10-28,sz.002662,12.1000,12.4800,11.9000,12.3600,11.9100,3806650,46539816.0000,2.537983,1,3.778300,22.428096,2.703715,3.802560,-36.522883,0
2014-10-29,sz.002662,12.5000,13.2500,12.5000,13.0600,12.3600,8435684,108950610.0000,5.624269,1,5.663400,22.238273,2.749845,3.850875,-100.435194,0
2014-10-30,sz.002662,13.0000,13.2500,12.8100,12.8600,13.0600,4482123,58464223.0000,2.988337,1,-1.531400,21.897717,2.707734,3.791903,-98.897136,0
2014-10-31,sz.002662,12.8400,13.0800,12.7100,12.8900,12.8600,3242477,41749953.0000,2.161836,1,0.233300,27.436001,3.392563,4.750936,-123.909805,0
2014-11-03,sz.002662,13.0400,13.3800,12.7600,12.9600,12.8900,4702015,61326836.0000,3.134944,1,0.543100,27.584994,3.410987,4.776737,-124.582706,0
2014-11-04,sz.002662,13.0200,13.1000,12.6100,12.6700,12.9600,3877032,49778955.0000,2.584909,1,-2.237700,26.967737,3.334661,4.669850,-121.794975,0
2014-11-05,sz.002662,12.6000,12.9000,12.5900,12.8800,12.6700,2122393,27169597.0000,1.415049,1,1.657500,27.414716,3.389931,4.747251,-123.813677,0
2014-11-06,sz.002662,12.8800,13.0400,12.7500,13.0100,12.8800,2305128,29763203.0000,1.536883,1,1.009300,27.691417,3.424147,4.795165,-125.063349,0
2014-11-07,sz.002662,13.0800,13.5700,12.8100,13.4000,13.0100,6930001,92509418.0000,4.620395,1,2.997700,28.521521,3.526792,4.938910,-128.812366,0
2014-11-10,sz.002662,13.4900,13.4900,13.1100,13.2900,13.4000,3191813,42366629.0000,2.128057,1,-0.820900,28.287390,3.497841,4.898366,-127.754951,0
2014-11-11,sz.002662,13.2100,13.4600,12.6900,13.0000,13.2900,4689525,61415091.0000,3.126617,1,-2.182100,27.670133,3.421515,4.791480,-124.967220,0
2014-11-12,sz.002662,12.8700,13.1300,12.7200,13.0100,13.0000,2349732,30383559.0000,1.566622,1,0.076900,27.691417,3.424147,4.795165,-125.063349,0
2014-11-13,sz.002662,13.0000,13.0800,12.6000,12.6900,13.0100,3120290,39744328.0000,2.080371,1,-2.459700,27.010307,3.339925,4.677221,-121.987233,0
2014-11-14,sz.002662,12.6800,12.7000,12.1600,12.6300,12.6900,3010139,37516353.0000,2.006931,1,-0.472800,26.882598,3.324133,4.655107,-121.410461,0
2014-11-17,sz.002662,12.5900,13.0900,12.5000,12.7900,12.6300,2480013,31733638.0000,1.653483,1,1.266800,27.223154,3.366244,4.714079,-122.948519,0
2014-11-18,sz.002662,12.7600,13.5600,12.7600,13.2900,12.7900,6262493,83095336.0000,4.175352,1,3.909300,28.287390,3.497841,4.898366,-127.754951,0
2014-11-19,sz.002662,13.2900,13.4800,13.1600,13.3300,13.2900,2676471,35641088.0000,1.784466,1,0.301000,28.372528,3.508369,4.913109,-128.139465,0
2014-11-20,sz.002662,13.2800,13.3200,12.9100,13.0500,13.3300,2340452,30533502.0000,1.560434,1,-2.100500,27.776556,3.434674,4.809908,-125.447863,0
2014-11-21,sz.002662,13.0100,13.9800,12.9300,13.7700,13.0500,7667894,104924111.0000,5.112366,1,5.517200,29.309056,3.624174,5.075283,-132.369125,0
2014-11-24,sz.002662,13.8000,13.9900,13.5800,13.7700,13.7700,5960108,82097015.0000,3.973744,1,0.000000,29.309056,3.624174,5.075283,-132.369125,0
2014-11-25,sz.002662,13.7700,14.3000,13.6000,14.0500,13.7700,5080504,70922607.0000,3.387292,1,2.033400,29.905028,3.697868,5.178484,-135.060727,0
2014-11-26,sz.002662,14.2000,15.4400,14.0500,15.0300,14.0500,9389622,140364642.0000,6.260282,1,6.975100,31.990930,3.955797,5.539688,-144.481332,0
2014-11-27,sz.002662,14.9300,15.3700,14.8500,15.3700,15.0300,5966020,89804937.0000,3.977686,1,2.262100,32.714611,4.045283,5.665003,-147.749706,0
2014-11-28,sz.002662,15.3700,15.3700,14.9800,15.1600,15.3700,5484704,83008692.0000,3.656781,1,-1.366300,32.267632,3.990013,5.587602,-145.731005,0
2014-12-01,sz.002662,15.1600,15.2400,14.3600,14.8300,15.1600,6028714,89080017.0000,4.019486,1,-2.176800,31.565236,3.903159,5.465972,-142.558760,0
2014-12-02,sz.002662,14.8200,14.9900,14.5500,14.8400,14.8300,4057948,60022921.0000,2.705530,1,0.067400,31.586521,3.905791,5.469658,-142.654888,0
2014-12-03,sz.002662,14.8800,14.9000,14.2900,14.4700,14.8400,7289934,105703219.0000,4.860371,1,-2.493300,30.798986,3.808409,5.333285,-139.098129,0
2014-12-04,sz.002662,14.4200,14.8500,14.2600,14.6500,14.4700,5533694,80972117.0000,3.689444,1,1.243900,31.182111,3.855784,5.399629,-140.828444,0
2014-12-05,sz.002662,14.6400,14.6400,13.4500,13.8000,14.6500,7608516,106136951.0000,5.072777,1,-5.802000,29.372910,3.632069,5.086340,-132.657511,0
2014-12-08,sz.002662,13.7800,13.7800,13.2100,13.4700,13.8000,7400798,99961312.0000,4.934286,1,-2.391300,28.670515,3.545216,4.964710,-129.485266,0
2014-12-09,sz.002662,13.4700,13.4800,12.1200,12.5900,13.4700,11926318,152007305.0000,7.951557,1,-6.533000,26.797459,3.313605,4.640364,-121.025946,0
2014-12-10,sz.002662,12.5800,13.2400,12.4100,13.0000,12.5900,7365363,95148612.0000,4.910661,1,3.256600,27.670133,3.421515,4.791480,-124.967220,0
2014-12-11,sz.002662,13.0400,13.1800,12.8700,13.1600,13.0000,4814578,62727531.0000,3.209993,1,1.230800,28.010688,3.463626,4.850452,-126.505278,0
2014-12-12,sz.002662,13.1900,13.7500,13.1800,13.6000,13.1600,5157965,69320778.0000,3.438937,1,3.343500,28.947216,3.579431,5.012625,-130.734938,0
2014-12-15,sz.002662,13.5800,13.8900,13.4200,13.7900,13.6000,3676930,50512365.0000,2.451496,1,1.397100,29.351625,3.629437,5.082654,-132.561382,0
2014-12-16,sz.002662,13.8000,13.9600,13.5200,13.7300,13.7900,2792625,38262183.0000,1.861909,1,-0.435100,29.223917,3.613646,5.060540,-131.984610,0
2014-12-17,sz.002662,13.7700,13.7800,13.3300,13.4200,13.7300,3191014,42935820.0000,2.127524,1,-2.257800,28.564091,3.532056,4.946281,-129.004623,0
2014-12-18,sz.002662,13.3900,13.6000,13.2000,13.3200,13.4200,2687734,36114443.0000,1.791976,1,-0.745200,28.351244,3.505737,4.909424,-128.043336,0
2014-12-19,sz.002662,13.3200,13.3700,12.5600,12.6700,13.3200,4030779,51622210.0000,2.687415,1,-4.879900,26.967737,3.334661,4.669850,-121.794975,0
2014-12-22,sz.002662,12.7000,12.8500,11.5300,11.5800,12.6700,5844894,70832397.0000,3.896929,1,-8.603000,24.647703,3.047780,4.268103,-111.316955,0
2014-12-23,sz.002662,11.7200,11.9500,11.5400,11.8100,11.5800,2977377,35112223.0000,1.985087,1,1.986200,25.137251,3.108314,4.352875,-113.527913,0
2014-12-24,sz.002662,11.8300,12.2700,11.8200,12.1600,11.8100,1789180,21510670.0000,1.192888,1,2.963600,25.882217,3.200432,4.481876,-116.892415,0
2014-12-25,sz.002662,12.0000,12.5600,12.0000,12.5500,12.1600,2065104,25722994.0000,1.376853,1,3.207200,26.712320,3.303078,4.625621,-120.641432,0
2014-12-26,sz.002662,12.5100,13.1500,12.4100,13.0600,12.5500,3289378,42375336.0000,2.193106,1,4.063700,27.797841,3.437306,4.813594,-125.543992,0
2014-12-29,sz.002662,13.2300,13.2300,12.5000,12.5600,13.0600,2014443,25488539.0000,1.343077,1,-3.828500,26.733605,3.305710,4.629306,-120.737561,0
2014-12-30,sz.002662,12.4100,12.5600,11.5800,12.4000,12.5600,5448277,65159959.0000,3.632495,1,-1.273900,26.393050,3.263599,4.570334,-119.199502,0
2014-12-31,sz.002662,12.2000,12.4000,11.7800,12.1000,12.4000,3348295,40092972.0000,2.232292,1,-2.419300,25.754508,3.184641,4.459762,-116.315644,0
2015-01-05,sz.002662,12.0600,12.4700,11.8200,12.2000,12.1000,2218987,26855766.0000,1.479388,1,0.826400,25.967355,3.210960,4.496619,-117.276930,0
2015-01-06,sz.002662,12.1800,12.5000,11.9800,12.4800,12.2000,2901666,35829493.0000,1.934527,1,2.295100,26.563327,3.284654,4.599820,-119.968531,0
2015-01-07,sz.002662,12.4700,13.2000,12.2500,12.7800,12.4800,2966817,37997786.0000,1.977962,1,2.403800,27.201869,3.363612,4.710393,-122.852390,0
2015-01-08,sz.002662,12.6800,12.8900,12.5100,12.6700,12.7800,1746030,22085811.0000,1.164070,1,-0.860700,26.967737,3.334661,4.669850,-121.794975,0
2015-01-09,sz.002662,12.6700,12.9500,12.6000,12.7900,12.6700,2440918,31245134.0000,1.627348,1,0.947100,27.223154,3.366244,4.714079,-122.948519,0
2015-01-12,sz.002662,12.7700,12.8500,12.1100,12.7000,12.7900,2205825,27558068.0000,1.470613,1,-0.703700,27.031591,3.342557,4.680907,-122.083361,0
2015-01-13,sz.002662,12.6500,13.1500,12.4500,12.9300,12.7000,2944676,37846605.0000,1.963201,1,1.811000,27.521140,3.403091,4.765679,-124.294320,0
2015-01-14,sz.002662,12.9100,13.0500,12.7100,12.9300,12.9300,2152237,27920238.0000,1.434886,1,0.000000,27.521140,3.403091,4.765679,-124.294320,0
2015-01-15,sz.002662,12.9900,13.7000,12.9900,13.5000,12.9300,4032732,54101965.0000,2.688603,1,4.408300,28.734369,3.553111,4.975767,-129.773652,0
2015-01-16,sz.002662,13.4300,13.5600,13.3000,13.4500,13.5000,1940832,26022038.0000,1.293943,1,-0.370400,28.627945,3.539952,4.957338,-129.293009,0
2015-01-19,sz.002662,13.0900,13.4100,12.5100,12.5800,13.4500,2889074,37700072.0000,1.926132,1,-6.468400,26.776175,3.310973,4.636678,-120.929818,0
2015-01-20,sz.002662,12.6500,13.1900,12.6500,13.0800,12.5800,2704292,35069765.0000,1.802938,1,3.974600,27.840411,3.442570,4.820966,-125.736249,0
2015-01-21,sz.002662,13.1100,13.7700,13.1100,13.6800,13.0800,4242914,57609402.0000,2.828730,1,4.587200,29.117494,3.600486,5.042111,-131.503967,0
2015-01-22,sz.002662,13.5500,13.9500,13.5000,13.8600,13.6800,3042103,41824468.0000,2.028155,1,1.315800,29.500618,3.647861,5.108454,-133.234283,0
2015-01-23,sz.002662,14.0400,14.5000,13.9300,14.0000,13.8600,5816125,82665403.0000,3.877582,1,1.010100,29.798605,3.684708,5.160055,-134.580083,0
2015-01-26,sz.002662,13.8900,14.2400,13.8100,14.0700,14.0000,3339085,46961015.0000,2.226152,1,0.500000,29.947598,3.703132,5.185855,-135.252984,0
2015-01-27,sz.002662,14.0500,14.1400,13.5400,13.7900,14.0700,4526740,62393766.0000,3.017955,1,-1.990000,29.351625,3.629437,5.082654,-132.561382,0
2015-01-28,sz.002662,13.6400,13.9000,13.6400,13.8000,13.7900,1952577,26962859.0000,1.301774,1,0.072500,29.372910,3.632069,5.086340,-132.657511,0
2015-01-29,sz.002662,13.7800,13.7800,13.4200,13.6000,13.8000,1837109,24925307.0000,1.224792,1,-1.449300,28.947216,3.579431,5.012625,-130.734938,0
2015-01-30,sz.002662,13.7500,13.7500,13.2900,13.5100,13.6000,1626475,21915009.0000,1.084363,1,-0.661800,28.755653,3.555743,4.979453,-129.869780,0
2015-02-02,sz.002662,13.5300,13.8300,13.3800,13.7000,13.5100,1809765,24683216.0000,1.206561,1,1.406400,29.160063,3.605750,5.049482,-131.696224,0
2015-02-03,sz.002662,13.6200,13.8700,13.6000,13.8600,13.7000,2420109,33299385.0000,1.613475,1,1.167900,29.500618,3.647861,5.108454,-133.234283,0
2015-02-04,sz.002662,13.8600,13.9700,13.4000,13.4100,13.8600,2145369,29517379.0000,1.430307,1,-3.246800,28.542806,3.529424,4.942595,-128.908494,0
2015-02-05,sz.002662,13.5600,13.8400,13.4100,13.7000,13.4100,3320886,45053358.0000,2.214018,1,2.162600,29.160063,3.605750,5.049482,-131.696224,0
2015-02-06,sz.002662,13.6700,13.6900,12.4900,12.9900,13.7000,4859697,63551399.0000,3.239936,1,-5.182500,27.648848,3.418883,4.787794,-124.871092,0
2015-02-09,sz.002662,12.9400,13.4200,12.7000,13.2300,12.9900,2532789,33323526.0000,1.688598,1,1.847600,28.159681,3.482049,4.876252,-127.178179,0
2015-02-10,sz.002662,13.1700,13.2300,12.8500,13.1800,13.2300,1555339,20406056.0000,1.036937,1,-0.377900,28.053258,3.468889,4.857823,-126.697536,0
2015-02-11,sz.002662,13.1800,13.4500,13.1800,13.4200,13.1800,974548,13032549.0000,0.649726,1,1.820900,28.564091,3.532056,4.946281,-129.004623,0
2015-02-12,sz.002662,13.4000,13.5700,13.1900,13.3900,13.4200,1421073,18994087.0000,0.947422,1,-0.223500,28.500237,3.524160,4.935224,-128.716237,0
2015-02-13,sz.002662,13.3300,13.6500,13.3300,13.6300,13.3900,1615430,21950143.0000,1.076999,1,1.792400,29.011070,3.587327,5.023682,-131.023324,0
2015-02-16,sz.002662,13.6800,13.8500,13.5900,13.7700,13.6300,2950246,40455876.0000,1.966915,1,1.027100,29.309056,3.624174,5.075283,-132.369125,0
2015-02-17,sz.002662,13.7700,13.8800,13.5600,13.7400,13.7700,1529479,20960710.0000,1.019696,1,-0.217900,29.245202,3.616278,5.064225,-132.080739,0
2015-02-25,sz.002662,13.7800,13.7800,13.4800,13.5000,13.7400,1921354,26092215.0000,1.280957,1,-1.746700,28.734369,3.553111,4.975767,-129.773652,0
2015-02-26,sz.002662,13.5000,13.6800,13.4800,13.6000,13.5000,2294744,31146365.0000,1.529895,1,0.740700,28.947216,3.579431,5.012625,-130.734938,0
2015-02-27,sz.002662,13.5000,14.2600,13.0000,14.0000,13.6000,12439429,169108914.0000,8.293307,1,2.941200,24.413230,3.684708,4.270833,-134.580083,0
2015-03-02,sz.002662,13.9000,14.7900,13.6400,14.6600,14.0000,12318155,175992315.0000,8.212454,1,4.714300,25.564140,3.858416,4.472172,-140.924573,0
2015-03-03,sz.002662,14.5000,15.2000,14.4000,14.7400,14.6600,9176592,136435723.0000,6.117989,1,0.545700,25.703644,3.879471,4.496577,-141.693602,0
2015-03-04,sz.002662,14.6800,15.1500,14.5300,15.0000,14.7400,6774904,100741229.0000,4.516795,1,1.763900,26.157033,3.947902,4.575892,-144.192946,0
2015-03-05,sz.002662,14.8200,15.0000,14.3200,14.3800,15.0000,6917224,100845078.0000,4.611679,1,-4.133300,25.075875,3.784722,4.386755,-138.232971,0
2015-03-06,sz.002662,14.4100,14.6600,14.2600,14.5200,14.3800,4817544,69836089.0000,3.211833,1,0.973600,25.320008,3.821569,4.429464,-139.578772,0
2015-03-09,sz.002662,14.4600,15.0000,13.9700,14.9400,14.5200,4937134,71530405.0000,1.270840,1,2.892600,26.052404,3.932110,4.557589,-143.616175,0
2015-03-10,sz.002662,14.8800,15.1800,14.7500,15.1300,14.9400,5182572,77555134.0000,1.334017,1,1.271800,26.383727,3.982117,4.615550,-145.442619,0
2015-03-11,sz.002662,15.0900,15.1900,14.7900,14.8200,15.1300,2590275,38677730.0000,0.666748,1,-2.048900,25.843148,3.900527,4.520981,-142.462631,0
2015-03-12,sz.002662,14.8500,14.9600,14.4000,14.6200,14.8200,3639966,53400326.0000,0.936944,1,-1.349500,25.494388,3.847888,4.459969,-140.540059,0
2015-03-13,sz.002662,14.7800,15.3900,14.4500,15.2500,14.6200,5987168,89727656.0000,1.541124,1,4.309200,26.592983,4.013700,4.652157,-146.596162,0
2015-03-16,sz.002662,15.4500,15.9500,15.4500,15.7400,15.2500,5773842,90867505.0000,1.486213,1,3.213100,27.447446,4.142665,4.801636,-151.306465,0
2015-03-17,sz.002662,15.8300,16.0600,15.6900,15.7500,15.7400,6306816,100011126.0000,1.623403,1,0.063500,27.464884,4.145297,4.804687,-151.402594,0
2015-03-18,sz.002662,15.8000,15.9200,15.5000,15.7900,15.7500,4376375,68725427.0000,1.126499,1,0.254000,27.534636,4.155824,4.816889,-151.787108,0
2015-03-19,sz.002662,15.7900,15.7900,15.3000,15.4000,15.7900,6872354,106037359.0000,1.768975,1,-2.469900,26.854553,4.053179,4.697916,-148.038092,0
2015-03-20,sz.002662,15.4200,15.8300,15.4100,15.5100,15.4000,4264396,66432641.0000,1.097675,1,0.714300,27.046372,4.082130,4.731472,-149.095507,0
2015-03-23,sz.002662,15.4400,16.4800,15.4100,16.4100,15.5100,8204550,132043930.0000,2.111888,1,5.802700,28.615794,4.319004,5.006026,-157.747083,0
2015-03-24,sz.002662,16.4700,18.0500,16.4700,17.9800,16.4100,14680359,258879882.0000,3.778790,1,9.567300,31.353563,4.732218,5.484969,-172.839279,0
2015-03-25,sz.002662,17.9600,18.9000,17.1500,18.5000,17.9800,11253333,206401740.0000,2.896659,1,2.892100,32.260340,4.869079,5.643600,-177.837967,0
2015-03-26,sz.002662,18.5200,18.5300,17.4800,17.5500,18.5000,7826795,139590850.0000,2.014652,1,-5.135100,30.603728,4.619045,5.353794,-168.705747,0
2015-03-27,sz.002662,17.3200,17.9200,17.3200,17.8500,17.5500,3360093,59326181.0000,0.864903,1,1.709400,31.126869,4.698003,5.445312,-171.589606,0
2015-03-30,sz.002662,17.9000,17.9900,17.4000,17.8100,17.8500,5900731,104050680.0000,1.518875,1,-0.224100,31.057117,4.687475,5.433109,-171.205092,0
2015-03-31,sz.002662,17.6000,17.9100,17.3100,17.7000,17.8100,5184105,91520101.0000,1.334412,1,-0.617600,30.842835,3.210322,5.424223,-35.717652,0
2015-04-01,sz.002662,17.7000,18.3500,17.5600,18.3200,17.7000,5988628,107793092.0000,1.541500,1,3.502800,31.923205,3.322774,5.614224,-36.968779,0
2015-04-02,sz.002662,18.3100,18.8000,18.1500,18.6000,18.3200,5195616,95863138.0000,1.337375,1,1.528400,32.411114,3.373558,5.700031,-37.533804,0
2015-04-03,sz.002662,18.4000,19.2800,18.3100,19.0700,18.6000,6346653,119934579.0000,1.633657,1,2.526900,33.230105,3.458804,5.844064,-38.482238,0
2015-04-07,sz.002662,19.0900,20.6000,18.7500,19.6300,19.0700,8325080,163035317.0000,2.142913,1,2.936500,34.205923,3.560374,6.015678,-39.612288,0
2015-04-08,sz.002662,19.5400,19.7900,18.6100,18.9900,19.6300,5234266,100581780.0000,1.347324,1,-3.260300,33.090702,3.444294,5.819548,-38.320803,0
2015-04-09,sz.002662,18.6600,19.1300,17.1900,18.6800,18.9900,6366488,117109533.0000,1.638763,1,-1.632400,32.550517,3.388068,5.724547,-37.695239,0
2015-04-10,sz.002662,18.3800,20.2000,18.3800,19.8100,18.6800,5429426,106878595.0000,1.397559,1,6.049200,34.519579,3.593021,6.070840,-39.975519,0
2015-04-13,sz.002662,19.8200,20.7500,19.7300,20.3500,19.8100,5903260,119697583.0000,1.519526,1,2.725900,35.460547,3.690963,6.236324,-41.065210,0
2015-04-14,sz.002662,20.4500,20.5700,19.8900,20.2800,20.3500,4186475,84705217.0000,1.077617,1,-0.344000,35.338570,3.678267,6.214873,-40.923954,0
2015-04-15,sz.002662,20.1800,20.1800,18.7100,18.7100,20.2800,6360563,122466454.0000,1.637238,1,-7.741600,32.602793,3.393510,5.733741,-37.755778,0
2015-04-16,sz.002662,18.2500,19.3500,18.2000,18.5600,18.7100,4360776,81429710.0000,1.122483,1,-0.801700,32.341413,3.366303,5.687773,-37.453086,0
2015-04-17,sz.002662,18.7300,19.3500,18.5200,19.2600,18.5600,5642462,107461304.0000,1.452395,1,3.771600,33.561186,3.493265,5.902290,-38.865648,0
2015-04-20,sz.002662,19.1000,19.3000,17.8300,19.2700,19.2600,8486680,158192317.0000,2.184510,1,0.051900,33.578611,3.495079,5.905355,-38.885828,0
2015-04-21,sz.002662,18.9800,20.4500,18.8000,20.2600,19.2700,7741871,155061416.0000,1.992792,1,5.137500,35.303719,3.674639,6.208744,-40.883595,0
2015-04-22,sz.002662,20.2600,21.1200,19.8900,21.0000,20.2600,5590064,115974982.0000,1.438908,1,3.652500,36.593194,3.808856,6.435519,-42.376875,0
2015-04-23,sz.002662,20.9000,21.0000,20.2000,20.3000,21.0000,5632259,115321143.0000,1.449769,1,-3.333300,32.692813,3.593589,5.482569,-50.235070,0
2015-04-24,sz.002662,20.0600,20.0900,19.6300,19.8600,20.3000,3855042,76415227.0000,0.992305,1,-2.167500,31.984200,3.515699,5.363735,-49.146231,0
2015-04-27,sz.002662,19.8800,20.4000,19.3900,19.8000,19.8600,4975668,98877936.0000,1.280759,1,-0.302100,31.887571,3.505077,5.347530,-48.997753,0
2015-04-28,sz.002662,19.8000,19.9600,18.1500,18.3900,19.8000,6808278,128088006.0000,1.752481,1,-7.121200,29.616790,3.255473,4.966721,-45.508519,0
2015-04-29,sz.002662,18.3800,18.9300,18.1600,18.9100,18.3900,5458019,101940706.0000,1.404919,1,2.827600,30.454241,3.347526,5.107161,-46.795329,0
2015-04-30,sz.002662,18.9100,19.1500,18.2000,18.4600,18.9100,6013663,111221356.0000,1.547944,1,-2.379700,29.729523,3.267865,4.985626,-45.681743,0
2015-05-04,sz.002662,18.5500,18.6000,18.1800,18.3500,18.4600,5639907,103848444.0000,1.451737,1,-0.595900,29.552370,3.248392,4.955918,-45.409533,0
2015-05-05,sz.002662,18.3500,18.4500,17.3600,17.6700,18.3500,7371256,131323102.0000,1.897394,1,-3.705700,28.457242,3.128016,4.772265,-43.726782,0
2015-05-06,sz.002662,17.5500,18.0000,17.5000,17.6800,17.6700,5413957,96017652.0000,1.393577,1,0.056600,28.473346,3.129786,4.774966,-43.751529,0
2015-05-07,sz.002662,17.5900,17.9200,17.4500,17.6600,17.6800,2918216,51621451.0000,0.751162,1,-0.113100,28.441137,3.126246,4.769565,-43.702036,0
2015-05-08,sz.002662,17.8500,18.2400,17.6800,18.2400,17.6600,5913392,106439026.0000,1.522134,1,3.284300,29.375217,3.228920,4.926209,-45.137324,0
2015-05-11,sz.002662,18.2800,18.8400,18.1200,18.8000,18.2400,8944269,164808149.0000,2.302295,1,3.070200,30.277088,3.328053,5.077453,-46.523119,0
2015-05-12,sz.002662,18.7200,18.7800,18.2500,18.6300,18.8000,10295770,190079857.0000,2.650178,1,-0.904300,30.003306,3.297959,5.031540,-46.102431,0
2015-05-13,sz.002662,18.4500,18.8800,18.2700,18.4500,18.6300,6738916,124368908.0000,1.734627,1,-0.966200,29.713419,3.266095,4.982926,-45.656997,0
2015-05-14,sz.002662,18.4600,18.4700,18.0100,18.1400,18.4500,7395174,134861988.0000,1.903551,1,-1.680200,29.214169,3.211217,4.899202,-44.889860,0
2015-05-15,sz.002662,18.1400,18.1400,18.1400,18.1400,18.1400,0,0.0000,,0,0.000000,29.214169,3.211217,4.899202,-44.889860,0
2015-05-18,sz.002662,18.1400,18.1400,18.1400,18.1400,18.1400,0,0.0000,,0,0.000000,29.214169,3.211217,4.899202,-44.889860,0
2015-05-19,sz.002662,18.1400,18.1400,18.1400,18.1400,18.1400,0,0.0000,,0,0.000000,29.214169,3.211217,4.899202,-44.889860,0
2015-05-20,sz.002662,18.1400,18.1400,18.1400,18.1400,18.1400,0,0.0000,,0,0.000000,29.214169,3.211217,4.899202,-44.889860,0
2015-05-21,sz.002662,18.1400,18.1400,18.1400,18.1400,18.1400,0,0.0000,,0,0.000000,29.214169,3.211217,4.899202,-44.889860,0
2015-05-22,sz.002662,18.1400,18.1400,18.1400,18.1400,18.1400,0,0.0000,,0,0.000000,29.214169,3.211217,4.899202,-44.889860,0
2015-05-25,sz.002662,18.1400,18.1400,18.1400,18.1400,18.1400,0,0.0000,,0,0.000000,29.214169,3.211217,4.899202,-44.889860,0
2015-05-26,sz.002662,18.1400,18.1400,18.1400,18.1400,18.1400,0,0.0000,,0,0.000000,29.214169,3.211217,4.899202,-44.889860,0
2015-05-27,sz.002662,18.1400,18.1400,18.1400,18.1400,18.1400,0,0.0000,,0,0.000000,29.214169,3.211217,4.899202,-44.889860,0
2015-05-28,sz.002662,18.1400,18.1400,18.1400,18.1400,18.1400,0,0.0000,,0,0.000000,29.214169,3.211217,4.899202,-44.889860,0
2015-05-29,sz.002662,18.1400,18.1400,18.1400,18.1400,18.1400,0,0.0000,,0,0.000000,29.214169,3.211217,4.899202,-44.889860,0
2015-06-01,sz.002662,18.1400,18.1400,18.1400,18.1400,18.1400,0,0.0000,,0,0.000000,29.214169,3.211217,4.899202,-44.889860,0
2015-06-02,sz.002662,18.1400,18.1400,18.1400,18.1400,18.1400,0,0.0000,,0,0.000000,29.214169,3.211217,4.899202,-44.889860,0
2015-06-03,sz.002662,18.1400,18.1400,18.1400,18.1400,18.1400,0,0.0000,,0,0.000000,29.214169,3.211217,4.899202,-44.889860,0
2015-06-04,sz.002662,18.1400,18.1400,18.1400,18.1400,18.1400,0,0.0000,,0,0.000000,29.214169,3.211217,4.899202,-44.889860,0
2015-06-05,sz.002662,18.1400,18.1400,18.1400,18.1400,18.1400,0,0.0000,,0,0.000000,29.214169,3.211217,4.899202,-44.889860,0
2015-06-08,sz.002662,18.1400,18.1400,18.1400,18.1400,18.1400,0,0.0000,,0,0.000000,29.214169,3.211217,4.899202,-44.889860,0
2015-06-09,sz.002662,18.1400,18.1400,18.1400,18.1400,18.1400,0,0.0000,,0,0.000000,29.214169,3.211217,4.899202,-44.889860,0
2015-06-10,sz.002662,18.1400,18.1400,18.1400,18.1400,18.1400,0,0.0000,,0,0.000000,29.214169,3.211217,4.899202,-44.889860,0
2015-06-11,sz.002662,18.1400,18.1400,18.1400,18.1400,18.1400,0,0.0000,,0,0.000000,29.214169,3.211217,4.899202,-44.889860,0
2015-06-12,sz.002662,18.1400,18.1400,18.1400,18.1400,18.1400,0,0.0000,,0,0.000000,29.214169,3.211217,4.899202,-44.889860,0
2015-06-15,sz.002662,17.8400,17.8400,17.8400,17.8400,17.8400,0,0.0000,,0,0.000000,28.731024,3.158110,4.818178,-44.147470,0
2015-06-16,sz.002662,17.8400,17.8400,17.8400,17.8400,17.8400,0,0.0000,,0,0.000000,28.731024,3.158110,4.818178,-44.147470,0
2015-06-17,sz.002662,17.8400,17.8400,17.8400,17.8400,17.8400,0,0.0000,,0,0.000000,28.731024,3.158110,4.818178,-44.147470,0
2015-06-18,sz.002662,17.8400,17.8400,17.8400,17.8400,17.8400,0,0.0000,,0,0.000000,28.731024,3.158110,4.818178,-44.147470,0
2015-06-19,sz.002662,17.8400,17.8400,17.8400,17.8400,17.8400,0,0.0000,,0,0.000000,28.731024,3.158110,4.818178,-44.147470,0
2015-06-23,sz.002662,17.8400,17.8400,17.8400,17.8400,17.8400,0,0.0000,,0,0.000000,28.731024,3.158110,4.818178,-44.147470,0
2015-06-24,sz.002662,17.8400,17.8400,17.8400,17.8400,17.8400,0,0.0000,,0,0.000000,28.731024,3.158110,4.818178,-44.147470,0
2015-06-25,sz.002662,17.8400,17.8400,17.8400,17.8400,17.8400,0,0.0000,,0,0.000000,28.731024,3.158110,4.818178,-44.147470,0
2015-06-26,sz.002662,17.8400,17.8400,17.8400,17.8400,17.8400,0,0.0000,,0,0.000000,28.731024,3.158110,4.818178,-44.147470,0
2015-06-29,sz.002662,17.8400,17.8400,17.8400,17.8400,17.8400,0,0.0000,,0,0.000000,28.731024,3.158110,4.818178,-44.147470,0
2015-06-30,sz.002662,17.8400,17.8400,17.8400,17.8400,17.8400,0,0.0000,,0,0.000000,28.731024,3.158110,4.818178,-44.147470,0
2015-07-01,sz.002662,17.8400,17.8400,17.8400,17.8400,17.8400,0,0.0000,,0,0.000000,28.731024,3.158110,4.818178,-44.147470,0
2015-07-02,sz.002662,17.8400,17.8400,17.8400,17.8400,17.8400,0,0.0000,,0,0.000000,28.731024,3.158110,4.818178,-44.147470,0
2015-07-03,sz.002662,17.8400,17.8400,17.8400,17.8400,17.8400,0,0.0000,,0,0.000000,28.731024,3.158110,4.818178,-44.147470,0
2015-07-06,sz.002662,17.8400,17.8400,17.8400,17.8400,17.8400,0,0.0000,,0,0.000000,28.731024,3.158110,4.818178,-44.147470,0
2015-07-07,sz.002662,17.8400,17.8400,17.8400,17.8400,17.8400,0,0.0000,,0,0.000000,28.731024,3.158110,4.818178,-44.147470,0
2015-07-08,sz.002662,17.8400,17.8400,17.8400,17.8400,17.8400,0,0.0000,,0,0.000000,28.731024,3.158110,4.818178,-44.147470,0
2015-07-09,sz.002662,17.8400,17.8400,17.8400,17.8400,17.8400,0,0.0000,,0,0.000000,28.731024,3.158110,4.818178,-44.147470,0
2015-07-10,sz.002662,17.8400,17.8400,17.8400,17.8400,17.8400,0,0.0000,,0,0.000000,28.731024,3.158110,4.818178,-44.147470,0
2015-07-13,sz.002662,17.8400,17.8400,17.8400,17.8400,17.8400,0,0.0000,,0,0.000000,28.731024,3.158110,4.818178,-44.147470,0
2015-07-14,sz.002662,17.8400,17.8400,17.8400,17.8400,17.8400,0,0.0000,,0,0.000000,28.731024,3.158110,4.818178,-44.147470,0
2015-07-15,sz.002662,17.8400,17.8400,17.8400,17.8400,17.8400,0,0.0000,,0,0.000000,28.731024,3.158110,4.818178,-44.147470,0
2015-07-16,sz.002662,17.8400,17.8400,17.8400,17.8400,17.8400,0,0.0000,,0,0.000000,28.731024,3.158110,4.818178,-44.147470,0
2015-07-17,sz.002662,17.8400,17.8400,17.8400,17.8400,17.8400,0,0.0000,,0,0.000000,28.731024,3.158110,4.818178,-44.147470,0
2015-07-20,sz.002662,17.8400,17.8400,17.8400,17.8400,17.8400,0,0.0000,,0,0.000000,28.731024,3.158110,4.818178,-44.147470,0
2015-07-21,sz.002662,17.8400,17.8400,17.8400,17.8400,17.8400,0,0.0000,,0,0.000000,28.731024,3.158110,4.818178,-44.147470,0
2015-07-22,sz.002662,17.8400,17.8400,17.8400,17.8400,17.8400,0,0.0000,,0,0.000000,28.731024,3.158110,4.818178,-44.147470,0
2015-07-23,sz.002662,17.8400,17.8400,17.8400,17.8400,17.8400,0,0.0000,,0,0.000000,28.731024,3.158110,4.818178,-44.147470,0
2015-07-24,sz.002662,17.8400,17.8400,17.8400,17.8400,17.8400,0,0.0000,,0,0.000000,28.731024,3.158110,4.818178,-44.147470,0
2015-07-27,sz.002662,17.8400,17.8400,17.8400,17.8400,17.8400,0,0.0000,,0,0.000000,28.731024,3.158110,4.818178,-44.147470,0
2015-07-28,sz.002662,17.8400,17.8400,17.8400,17.8400,17.8400,0,0.0000,,0,0.000000,28.731024,3.158110,4.818178,-44.147470,0
2015-07-29,sz.002662,17.8400,17.8400,17.8400,17.8400,17.8400,0,0.0000,,0,0.000000,28.731024,3.158110,4.818178,-44.147470,0
2015-07-30,sz.002662,17.8400,17.8400,17.8400,17.8400,17.8400,0,0.0000,,0,0.000000,28.731024,3.158110,4.818178,-44.147470,0
2015-07-31,sz.002662,17.8400,17.8400,17.8400,17.8400,17.8400,0,0.0000,,0,0.000000,28.731024,3.158110,4.818178,-44.147470,0
2015-08-03,sz.002662,17.8400,17.8400,17.8400,17.8400,17.8400,0,0.0000,,0,0.000000,28.731024,3.158110,4.818178,-44.147470,0
2015-08-04,sz.002662,17.8400,17.8400,17.8400,17.8400,17.8400,0,0.0000,,0,0.000000,28.731024,3.158110,4.818178,-44.147470,0
2015-08-05,sz.002662,17.8400,17.8400,17.8400,17.8400,17.8400,0,0.0000,,0,0.000000,28.731024,3.158110,4.818178,-44.147470,0
2015-08-06,sz.002662,17.8400,17.8400,17.8400,17.8400,17.8400,0,0.0000,,0,0.000000,28.731024,3.158110,4.818178,-44.147470,0
2015-08-07,sz.002662,17.8400,17.8400,17.8400,17.8400,17.8400,0,0.0000,,0,0.000000,28.731024,3.158110,4.818178,-44.147470,0
2015-08-10,sz.002662,17.8400,17.8400,17.8400,17.8400,17.8400,0,0.0000,,0,0.000000,28.731024,3.158110,4.818178,-44.147470,0
2015-08-11,sz.002662,17.8400,17.8400,17.8400,17.8400,17.8400,0,0.0000,,0,0.000000,28.731024,3.158110,4.818178,-44.147470,0
2015-08-12,sz.002662,17.8400,17.8400,17.8400,17.8400,17.8400,0,0.0000,,0,0.000000,28.731024,3.158110,4.818178,-44.147470,0
2015-08-13,sz.002662,16.0600,17.7800,16.0600,17.3000,17.8400,49938656,821411424.0000,12.854435,1,-3.026900,27.861363,3.062517,4.672337,-42.811168,0
2015-08-14,sz.002662,16.5500,16.8000,16.4100,16.4300,17.3000,30851910,510711904.0000,7.941420,1,-5.028900,26.460242,2.908506,4.437370,-40.658236,0
2015-08-17,sz.002662,16.5000,16.9000,16.3700,16.7000,16.4300,16506116,275601424.0000,4.248748,1,1.643300,26.895073,2.956303,4.510290,-41.326387,0
2015-08-18,sz.002662,16.4500,16.8000,15.0300,15.0300,16.7000,18247989,289942560.0000,4.697114,1,-10.000000,24.205565,2.660672,4.059261,-37.193749,0
2015-08-19,sz.002662,14.5000,14.9500,13.8000,14.4000,15.0300,18018907,260429457.0000,4.638148,1,-4.191600,23.190961,2.549147,3.889113,-35.634729,0
2015-08-20,sz.002662,14.4300,14.7700,14.0800,14.1100,14.4000,11742749,170490453.0000,3.022636,1,-2.013900,22.723921,2.497810,3.810790,-34.917085,0
2015-08-21,sz.002662,14.1300,14.4800,13.0000,13.0300,14.1100,9578614,130052815.0000,2.465578,1,-7.654100,20.984599,2.306624,3.519107,-32.244481,0
2015-08-24,sz.002662,12.2500,12.6900,11.7300,11.7300,13.0300,15415469,182669205.0000,3.968011,1,-9.977000,18.890970,2.076493,3.168006,-29.027457,0
2015-08-25,sz.002662,10.7500,11.2500,10.5600,10.5600,11.7300,16694662,179502213.0000,4.297281,1,-9.974400,17.006705,1.869375,2.852016,-26.132135,0
2015-08-26,sz.002662,10.8000,11.5300,10.5100,10.9800,10.5600,15844666,174473280.0000,4.078488,1,3.977300,16.451428,1.986967,2.579178,-22.913293,0
2015-08-27,sz.002662,11.3000,11.5500,10.8000,11.5500,10.9800,10138145,114030106.0000,2.609604,1,5.191300,17.305464,2.090116,2.713070,-24.102781,0
2015-08-28,sz.002662,11.6400,12.2800,11.5200,12.2000,11.5500,11912820,140355563.0000,3.066413,1,5.627700,18.279365,2.207741,2.865754,-25.459215,0
2015-08-31,sz.002662,11.9700,11.9700,11.1300,11.1400,12.2000,10157928,117539219.0000,2.614696,1,-8.688500,16.691158,2.015921,2.616762,-23.247184,0
2015-09-01,sz.002662,11.0000,11.0200,10.0300,10.0300,11.1400,7491651,77531471.0000,1.928385,1,-9.964100,15.028035,1.815053,2.356025,-20.930813,0
2015-09-02,sz.002662,9.6000,10.7100,9.4000,10.7100,10.0300,9950605,100711494.0000,2.561330,1,6.779700,16.046885,1.938107,2.515756,-22.349851,0
2015-09-07,sz.002662,10.7700,11.4800,10.5700,10.6700,10.7100,8442723,92103476.0000,2.173195,1,-0.373500,15.986953,1.930869,2.506360,-22.266379,0
2015-09-08,sz.002662,10.6700,11.2300,10.5000,11.1100,10.6700,6223127,67205419.0000,1.601861,1,4.123700,16.646209,2.010492,2.609715,-23.184580,0
2015-09-09,sz.002662,11.1800,11.7700,11.1100,11.5600,11.1100,9362371,107262107.0000,2.409916,1,4.050400,17.320447,2.091925,2.715419,-24.123649,0
2015-09-10,sz.002662,11.3700,11.7900,11.2000,11.2200,11.5600,8028747,92467413.0000,2.066636,1,-2.941200,16.811022,2.030398,2.635554,-23.414130,0
2015-09-11,sz.002662,11.2300,11.4300,10.8100,11.1600,11.2200,6929523,77027348.0000,1.783690,1,-0.534800,16.721124,2.019540,2.621460,-23.288921,0
2015-09-14,sz.002662,11.2100,11.2400,10.0400,10.0400,11.1600,7319295,76514769.0000,1.884019,1,-10.035800,15.043018,1.816863,2.358374,-20.951682,0
2015-09-15,sz.002662,9.9400,10.1000,9.1100,9.2000,10.0400,5959496,57236511.0000,1.534001,1,-8.366500,13.784439,1.664854,2.161060,-19.198752,0
2015-09-16,sz.002662,9.3100,10.1200,9.1900,10.0300,9.2000,7356190,70385757.0000,1.893516,1,9.021700,15.028035,1.815053,2.356025,-20.930813,0
2015-09-17,sz.002662,9.9000,10.2300,9.7000,9.7000,10.0300,7145805,71304959.0000,1.839362,1,-3.290100,14.533593,1.755335,2.278509,-20.242162,0
2015-09-18,sz.002662,9.7700,9.8500,9.5100,9.6400,9.7000,4347438,42033399.0000,1.119050,1,-0.618600,14.443695,1.744478,2.264415,-20.116953,0
2015-09-21,sz.002662,9.6400,10.6000,9.5600,10.6000,9.6400,10330035,105814827.0000,2.658997,1,9.958500,15.882071,1.918202,2.489917,-22.120301,0
2015-09-22,sz.002662,10.6100,11.2400,10.6100,10.9200,10.6000,11713044,128520447.0000,3.014990,1,3.018900,16.361530,1.976110,2.565085,-22.788084,0
2015-09-23,sz.002662,10.6000,10.8700,10.4200,10.5300,10.9200,8049357,85510358.0000,2.071941,1,-3.571400,15.777190,1.905534,2.473474,-21.974224,0
2015-09-24,sz.002662,10.5200,10.9400,10.5000,10.7000,10.5300,5951093,63842529.0000,1.531838,1,1.614400,16.031902,1.936298,2.513407,-22.328983,0
2015-09-25,sz.002662,10.7000,10.7600,10.1500,10.2200,10.7000,5128827,53211862.0000,1.320183,1,-4.486000,15.312714,1.849436,2.400656,-21.327309,0
2015-09-28,sz.002662,10.2300,10.5300,10.0300,10.5200,10.2200,3936094,40603160.0000,1.013168,1,2.935400,15.762206,1.903725,2.471125,-21.953356,0
2015-09-29,sz.002662,10.2700,10.4100,10.2000,10.2600,10.5200,2696828,27706317.0000,0.694176,1,-2.471500,15.372646,1.856674,2.410052,-21.410782,0
2015-09-30,sz.002662,10.3100,10.5600,10.3100,10.3900,10.2600,3629056,37934386.0000,0.934135,1,1.267100,15.567426,1.880199,2.440589,-21.682069,0
2015-10-08,sz.002662,10.8400,11.4000,10.7000,11.1300,10.3900,8245793,90866040.0000,2.122504,1,7.122200,16.676175,2.014112,2.614413,-23.226316,0
2015-10-09,sz.002662,11.1000,11.2400,10.9200,11.2200,11.1300,6518629,72455389.0000,1.677924,1,0.808600,16.811022,2.030398,2.635554,-23.414130,0
2015-10-12,sz.002662,11.2600,12.1800,11.2600,11.9900,11.2200,10875905,129475879.0000,2.799507,1,6.862700,17.964720,2.169739,2.816425,-25.020982,0
2015-10-13,sz.002662,12.1000,12.1800,11.8200,12.1800,11.9900,7812936,93786748.0000,2.011085,1,1.584700,18.249399,2.204122,2.861056,-25.417478,0
2015-10-14,sz.002662,12.1100,12.1800,11.8500,11.9200,12.1800,6903818,82693361.0000,1.777074,1,-2.134600,17.859838,2.157072,2.799982,-24.874905,0
2015-10-15,sz.002662,11.8700,12.3300,11.8400,12.3000,11.9200,8126710,98416212.0000,2.091852,1,3.187900,18.429196,2.225838,2.889244,-25.667897,0
2015-10-16,sz.002662,12.3900,12.4700,11.9400,12.1700,12.3000,9424391,114344863.0000,2.425881,1,-1.056900,18.234416,2.202313,2.858707,-25.396610,0
2015-10-19,sz.002662,12.1800,12.2100,11.8000,12.0100,12.1700,7497878,89973525.0000,1.929988,1,-1.314700,17.994686,2.173359,2.821123,-25.062719,0
2015-10-20,sz.002662,11.9600,12.3500,11.9100,12.2300,12.0100,7694803,93676794.0000,1.980677,1,1.831800,18.324314,2.213170,2.872801,-25.521819,0
2015-10-21,sz.002662,12.2100,12.4800,11.1400,11.3000,12.2300,10001780,119636195.0000,2.574503,1,-7.604200,16.930887,2.044875,2.654346,-23.581076,0
2015-10-22,sz.002662,11.5000,11.7000,11.2600,11.6800,11.3000,5843474,67229734.0000,1.504136,1,3.362800,17.500244,2.113641,2.743607,-24.374068,0
2015-10-23,sz.002662,11.6900,12.3800,11.6900,12.3700,11.6800,8848450,106671585.0000,2.277631,1,5.907500,18.534077,2.238505,2.905686,-25.813974,0
2015-10-26,sz.002662,12.5500,12.9400,12.3700,12.5800,12.3700,11332188,143312076.0000,2.916956,1,1.697700,18.848722,2.276507,2.955015,-26.252207,0
2015-10-27,sz.002662,12.2200,12.4200,11.7300,12.3200,12.5800,12632144,151520165.0000,3.251571,1,-2.066800,18.780385,2.178809,2.680674,-13.109053,0
2015-10-28,sz.002662,12.1300,12.3200,11.6800,11.6900,12.3200,11966834,143314248.0000,3.080317,1,-5.113600,17.820025,2.067392,2.543594,-12.438703,0
2015-10-29,sz.002662,11.7900,12.1500,11.7000,12.0500,11.6900,8102256,96508249.0000,2.085557,1,3.079600,18.368802,2.131059,2.621925,-12.821760,0
2015-10-30,sz.002662,12.0000,12.1300,11.7300,12.0100,12.0500,6449114,77169703.0000,1.660031,1,-0.331900,18.307827,2.123985,2.613222,-12.779198,0
2015-11-02,sz.002662,11.8100,12.2300,11.6800,12.0300,12.0100,14029751,168893248.0000,3.611321,1,0.166500,18.338315,2.127522,2.617573,-12.800479,0
2015-11-03,sz.002662,12.0300,12.8000,12.0300,12.5000,12.0300,21707331,271058240.0000,5.587565,1,3.906900,19.054774,2.210642,2.719839,-13.300581,0
2015-11-04,sz.002662,12.4800,13.4500,12.3900,13.3300,12.5000,23685957,306214432.0000,6.096872,1,6.640000,20.320011,2.357429,2.900437,-14.183739,0
2015-11-05,sz.002662,13.2300,13.2300,12.8100,12.9500,13.3300,19831599,257780799.0000,5.104743,1,-2.850700,19.740746,2.290225,2.817754,-13.779402,0
2015-11-06,sz.002662,12.8500,13.3000,12.7500,13.1700,12.9500,12182277,159657113.0000,3.135773,1,1.698800,20.076110,2.329132,2.865623,-14.013492,0
2015-11-09,sz.002662,12.9900,13.1500,12.7200,13.0100,13.1700,12403013,160789717.0000,3.192591,1,-1.214900,19.832209,2.300836,2.830809,-13.843245,0
2015-11-10,sz.002662,12.7800,13.1000,12.7400,12.9700,13.0100,9056897,117145305.0000,2.331248,1,-0.307500,19.771234,2.293762,2.822105,-13.800683,0
2015-11-11,sz.002662,12.9700,13.2900,12.9300,13.2800,12.9700,12191290,160477175.0000,3.138041,1,2.390100,20.243792,2.348586,2.889557,-14.130537,0
2015-11-12,sz.002662,13.3600,13.3700,12.9700,13.1200,13.2800,9838385,128974598.0000,2.532403,1,-1.204800,19.999891,2.320290,2.854743,-13.960290,0
2015-11-13,sz.002662,12.9800,13.0600,12.7000,12.7700,13.1200,6816731,87722277.0000,1.693892,1,-2.667700,19.466357,2.258392,2.778588,-13.587873,0
2015-11-16,sz.002662,12.5400,13.0300,12.5100,13.0100,12.7700,7469932,95988743.0000,1.856207,1,1.879400,19.832209,2.300836,2.830809,-13.843245,0
2015-11-17,sz.002662,13.1100,14.3100,13.1100,14.3100,13.0100,14694701,200986243.0000,3.651492,1,9.992300,21.813906,2.530743,3.113672,-15.226505,0
2015-11-18,sz.002662,15.7400,15.7400,15.0000,15.2700,14.3100,49688843,774388848.0000,12.347202,1,6.708600,23.277312,2.700520,3.322556,-16.247990,0
2015-11-19,sz.002662,15.1400,16.8000,14.6300,16.8000,15.2700,32535791,509973904.0000,8.084832,1,10.019600,25.609617,2.971103,3.655464,-17.875981,0
2015-11-20,sz.002662,17.4200,17.9900,16.5000,16.5500,16.8000,40392309,693230080.0000,10.037102,1,-1.488100,25.228521,2.926890,3.601067,-17.609969,0
2015-11-23,sz.002662,16.0600,16.5000,15.8100,15.9200,16.5500,20866563,334939872.0000,5.185141,1,-3.806600,24.268160,2.815474,3.463988,-16.939620,0
2015-11-24,sz.002662,16.0800,16.5800,15.6800,16.1900,15.9200,14610189,235795101.0000,3.630492,1,1.696000,24.679744,2.863224,3.522736,-17.226912,0
2015-11-25,sz.002662,16.1800,16.5000,15.9300,16.2600,16.1900,12353724,200014873.0000,3.069782,1,0.432400,24.786450,2.875603,3.537967,-17.301396,0
2015-11-26,sz.002662,16.2000,16.2900,15.8700,15.9400,16.2600,10812082,173627666.0000,2.686699,1,-1.968000,24.298648,2.819011,3.468339,-16.960901,0
2015-11-27,sz.002662,15.8900,16.4800,15.0000,15.2000,15.9400,14836724,236871322.0000,3.686784,1,-4.642400,23.170605,2.688141,3.307325,-16.173506,0
2015-11-30,sz.002662,15.8800,15.9600,14.8300,15.6600,15.2000,13174685,204594581.0000,3.273783,1,3.026300,23.871821,2.769492,3.407415,-16.662968,0
2015-12-01,sz.002662,15.7000,16.4500,15.3200,16.0100,15.6600,14288806,230728245.0000,3.550631,1,2.235000,24.405355,2.831390,3.483570,-17.035384,0
2015-12-02,sz.002662,16.1500,16.3800,14.8500,15.5700,16.0100,9409761,147979726.0000,2.338235,1,-2.748300,23.734627,2.753576,3.387832,-16.567204,0
2015-12-03,sz.002662,15.4900,16.2700,15.4100,16.2300,15.5700,8767727,139544258.0000,2.178696,1,4.238900,24.740719,2.870298,3.531440,-17.269474,0
2015-12-04,sz.002662,16.2400,16.5000,15.8800,16.0900,16.2300,10830996,175546927.0000,2.691399,1,-0.862600,24.527305,2.845538,3.500977,-17.120508,0
2015-12-07,sz.002662,17.7000,17.7000,17.2100,17.7000,16.0900,13250883,233997521.0000,3.292717,1,10.006200,26.981560,3.130269,3.851293,-18.833623,0
2015-12-08,sz.002662,18.2300,18.8500,17.6100,17.7200,17.7000,32680853,594606432.0000,8.120879,1,0.113000,27.012048,3.133806,3.855644,-18.854904,0
2015-12-09,sz.002662,17.2100,18.5000,17.0200,17.3300,17.7200,16851121,298652992.0000,4.187342,1,-2.200900,26.417539,3.064834,3.770785,-18.439925,0
2015-12-10,sz.002662,17.1500,17.9800,16.5100,16.6500,17.3300,16244760,279558384.0000,2.818167,1,-3.923800,25.380959,2.944575,3.622826,-17.716374,0
2015-12-11,sz.002662,16.5500,16.6000,15.8100,15.8500,16.6500,10612217,170875264.0000,1.841024,1,-4.804800,24.161454,2.803094,3.448756,-16.865137,0
2015-12-14,sz.002662,15.5500,16.3400,15.2000,16.1500,15.8500,7703136,121758776.0000,1.336352,1,1.892700,24.618768,2.856150,3.514033,-17.184351,0
2015-12-15,sz.002662,16.0400,16.7000,16.0400,16.3100,16.1500,5917772,97126095.0000,1.026625,1,0.990700,24.862669,2.884446,3.548847,-17.354598,0
2015-12-16,sz.002662,16.4000,16.6000,16.1400,16.2700,16.3100,5244445,85889256.0000,0.909815,1,-0.245200,24.801694,2.877372,3.540143,-17.312036,0
2015-12-17,sz.002662,16.2700,16.9800,16.2700,16.8900,16.2700,8591503,144307679.0000,1.490468,1,3.810700,25.746811,2.987020,3.675047,-17.971745,0
2015-12-18,sz.002662,16.9800,17.5100,16.6000,17.2600,16.8900,10195067,174778826.0000,1.768657,1,2.190700,26.310832,3.052455,3.755554,-18.365442,0
2015-12-21,sz.002662,16.9000,17.4500,16.9000,17.2900,17.2600,6763459,116210786.0000,1.173336,1,0.173800,26.356564,3.057760,3.762082,-18.397364,0
2015-12-22,sz.002662,17.7200,19.0200,17.7100,19.0200,17.2900,18822408,349444336.0000,3.265341,1,10.005800,28.993744,3.363713,4.138508,-20.238164,0
2015-12-23,sz.002662,20.7700,20.9200,19.5000,19.9900,19.0200,28576286,584292896.0000,4.957460,1,5.099900,30.472395,3.535259,4.349567,-21.270289,0
2015-12-24,sz.002662,20.2000,20.3200,18.5900,20.3200,19.9900,19124772,371955712.0000,3.317796,1,1.650800,30.975441,3.593620,4.421371,-21.621424,0
2015-12-25,sz.002662,20.1000,20.9000,19.8500,20.0000,20.3200,11237209,228988417.0000,1.949449,1,-1.574800,30.487639,3.537027,4.351743,-21.280929,0
2015-12-28,sz.002662,19.9800,21.5500,19.8100,21.1000,20.0000,13867703,289705584.0000,2.405791,1,5.500000,32.164459,3.731564,4.591089,-22.451381,0
2015-12-29,sz.002662,20.6400,21.5000,20.5800,20.8100,21.1000,9067846,189596242.0000,1.573104,1,-1.374400,31.722388,3.680277,4.527989,-22.142807,0
2015-12-30,sz.002662,21.0000,21.1900,20.1500,20.8600,20.8100,7857854,161413884.0000,1.363193,1,0.240300,31.798607,3.689119,4.538868,-22.196009,0
2015-12-31,sz.002662,21.0000,22.9000,20.4500,22.0000,20.8600,15223961,330928848.0000,2.641077,1,5.465000,33.536403,3.890730,4.786917,-23.409022,0
2016-01-04,sz.002662,21.5500,22.2000,19.8000,19.8000,22.0000,7591419,158136305.0000,1.316972,1,-10.000000,30.182762,3.501657,4.308226,-21.068120,0
2016-01-05,sz.002662,18.2000,20.5800,18.2000,19.4000,19.8000,12934079,251484862.0000,2.243825,1,-2.020200,29.573010,3.430916,4.221191,-20.642502,0
2016-01-06,sz.002662,19.9200,20.1900,19.4100,19.8900,19.4000,10953567,217958302.0000,1.900242,1,2.525800,30.319957,3.517574,4.327809,-21.163884,0
2016-01-07,sz.002662,19.3000,19.3900,17.9000,17.9000,19.8900,1900400,35360038.0000,0.329684,1,-10.005000,27.286437,3.165639,3.894810,-19.046432,0
2016-01-08,sz.002662,18.6100,18.8000,16.8200,17.2800,17.9000,13343540,237104458.0000,2.314859,1,-3.463700,26.341320,3.055992,3.759906,-18.386723,0
2016-01-11,sz.002662,16.9900,17.0000,15.5500,15.5500,17.2800,9694408,155064350.0000,1.681801,1,-10.011600,23.704139,2.750039,3.383480,-16.545923,0
2016-01-12,sz.002662,15.0200,16.4600,15.0000,15.8000,15.5500,9995793,157731720.0000,1.734086,1,1.607700,24.085235,2.794252,3.437877,-16.811934,0
2016-01-13,sz.002662,15.8600,16.6800,15.8200,16.1100,15.8000,11675269,191317406.0000,2.025444,1,1.962000,24.557793,2.849075,3.505329,-17.141789,0
2016-01-14,sz.002662,15.3000,17.7200,15.0000,17.6700,16.1100,9622259,160999664.0000,1.669285,1,9.683400,26.935829,3.124964,3.844765,-18.801701,0
2016-01-15,sz.002662,17.3500,18.8000,17.2000,18.0100,17.6700,9911111,179047426.0000,1.719395,1,1.924200,27.454119,3.185093,3.918745,-19.163477,0
2016-01-18,sz.002662,17.5000,18.0700,16.8600,17.3000,18.0100,11669882,203291086.0000,2.024510,1,-3.942300,26.371808,3.059529,3.764258,-18.408004,0
2016-01-19,sz.002662,17.1500,19.0300,17.1500,19.0300,17.3000,12610205,230190372.0000,2.187639,1,10.000000,29.008988,3.365481,4.140684,-20.248804,0
2016-01-20,sz.002662,19.0000,19.6000,18.6600,19.2500,19.0300,10687178,203658584.0000,1.854029,1,1.156100,29.344352,3.404389,4.188553,-20.482895,0
2016-01-21,sz.002662,18.8100,19.9900,17.9000,17.9100,19.2500,13759496,265984449.0000,2.387019,1,-6.961000,27.301681,3.167408,3.896986,-19.057072,0
2016-01-22,sz.002662,18.6000,18.6000,17.0200,17.8400,17.9100,11298161,200102081.0000,1.960023,1,-0.390800,27.194974,3.155028,3.881755,-18.982589,0
2016-01-25,sz.002662,18.0600,18.1800,17.3000,17.8100,17.8400,7755984,137166986.0000,1.345521,1,-0.168200,27.149242,3.149723,3.875227,-18.950668,0
2016-01-26,sz.002662,17.5000,17.5800,16.0300,16.0300,17.8100,8162689,135894121.0000,1.416076,1,-9.994400,24.435842,2.834927,3.487922,-17.056665,0
2016-01-27,sz.002662,16.0000,16.2400,14.4300,14.9300,16.0300,13454846,199872294.0000,2.334168,1,-6.862100,22.759022,2.640391,3.248576,-15.886214,0
2016-01-28,sz.002662,14.6000,14.6000,13.4400,13.4400,14.9300,6613673,93124323.0000,1.147351,1,-9.979900,20.487693,2.376882,2.924371,-14.300785,0
2016-01-29,sz.002662,13.4300,14.3000,13.1900,13.9200,13.4400,8082329,111362574.0000,1.402135,1,3.571400,21.219397,2.461771,3.028813,-14.811527,0
2016-02-01,sz.002662,13.8200,14.5000,13.5000,14.0000,13.9200,5883698,83165056.0000,1.020713,1,0.574700,21.341347,2.475919,3.046220,-14.896651,0
2016-02-02,sz.002662,14.0000,15.3500,14.0000,14.9300,14.0000,6065313,89522606.0000,1.052220,1,6.642900,22.759022,2.640391,3.248576,-15.886214,0
2016-02-03,sz.002662,14.8100,15.3800,14.3600,15.1500,14.9300,6261601,93149387.0000,1.086273,1,1.473500,23.094386,2.679298,3.296445,-16.120304,0
2016-02-04,sz.002662,15.1500,16.1000,15.1500,15.7400,15.1500,6609552,104116429.0000,1.146636,1,3.894400,23.993772,2.783640,3.424822,-16.748091,0
2016-02-05,sz.002662,15.8600,15.9000,15.4400,15.5100,15.7400,3523851,55040898.0000,0.611323,1,-1.461200,23.643164,2.742965,3.374777,-16.503361,0
2016-02-15,sz.002662,14.9000,16.0100,14.6000,15.7700,15.5100,3394026,52249092.0000,0.588801,1,1.676300,24.039503,2.788946,3.431349,-16.780013,0
2016-02-16,sz.002662,16.0000,16.3200,15.7600,16.2300,15.7700,7547299,121185728.0000,1.309318,1,2.916900,24.740719,2.870298,3.531440,-17.269474,0
2016-02-17,sz.002662,16.0800,16.6800,16.0300,16.4700,16.2300,5580105,91457066.0000,0.968046,1,1.478700,25.106571,2.912742,3.583660,-17.524845,0
2016-02-18,sz.002662,16.6100,16.7500,16.1900,16.2100,16.4700,5062273,82978866.0000,0.878211,1,-1.578600,24.710231,2.866761,3.527088,-17.248193,0
2016-02-19,sz.002662,16.1800,16.3500,15.8800,16.0000,16.2100,3731276,60016008.0000,0.647308,1,-1.295500,24.390111,2.829622,3.481395,-17.024744,0
2016-02-22,sz.002662,16.2300,16.4400,15.6000,16.1300,16.0000,7186079,114843935.0000,1.246652,1,0.812500,24.588281,2.852613,3.509681,-17.163070,0
2016-02-23,sz.002662,16.1400,16.8000,16.0100,16.4000,16.1300,9914051,163406209.0000,1.719905,1,1.673900,24.999864,2.900362,3.568429,-17.450362,0
2016-02-24,sz.002662,16.6000,17.5700,16.4900,17.0100,16.4000,9740912,166049438.0000,1.689869,1,3.719500,25.929737,3.008242,3.701158,-18.099431,0
2016-02-25,sz.002662,17.2700,17.3600,15.3100,15.3100,17.0100,10158225,164846260.0000,1.762265,1,-9.994100,23.338287,2.707594,3.331259,-16.290552,0
2016-02-26,sz.002662,15.6000,15.8600,14.1000,15.0000,15.3100,6864053,102367408.0000,1.190787,1,-2.024800,22.865729,2.652770,3.263807,-15.960697,0
2016-02-29,sz.002662,14.6700,14.6700,13.5000,13.5000,15.0000,6434655,88421181.0000,1.116294,1,-10.000000,22.326837,2.320271,2.800148,-141.618999,0
2016-03-01,sz.002662,13.5900,14.0800,13.0800,13.9900,13.5000,6319681,86669909.0000,1.096348,1,3.629600,23.137219,2.404488,2.901783,-146.759244,0
2016-03-02,sz.002662,13.9000,14.9100,13.6500,14.6800,13.9900,7770906,110422212.0000,1.348109,1,4.932100,24.278368,2.523080,3.044901,-153.997549,0
2016-03-03,sz.002662,14.6700,14.9900,14.4500,14.4600,14.6800,4788279,70304635.0000,0.830678,1,-1.498600,23.914523,2.485268,2.999269,-151.689684,0
2016-03-04,sz.002662,14.3500,14.8000,13.4500,13.7000,14.4600,5149372,72533451.0000,0.893321,1,-5.255900,22.657605,2.354645,2.841631,-143.717058,0
2016-03-07,sz.002662,13.8000,14.3400,13.7600,13.9900,13.7000,3184518,44809583.0000,0.552455,1,2.116800,23.137219,2.404488,2.901783,-146.759244,0
2016-03-08,sz.002662,13.9900,14.0800,13.2700,13.9800,13.9900,4043907,55634549.0000,0.701543,1,-0.071500,23.120680,2.402769,2.899709,-146.654341,0
2016-03-09,sz.002662,13.4500,13.8600,13.4500,13.6400,13.9800,3270400,44571646.0000,0.567354,1,-2.432000,22.558375,2.344333,2.829186,-143.087641,0
2016-03-10,sz.002662,13.6800,13.8300,13.4600,13.5400,13.6400,2646377,36085259.0000,0.459098,1,-0.733100,22.392991,2.327146,2.808445,-142.038611,0
2016-03-11,sz.002662,13.1600,13.5400,13.1600,13.4300,13.5400,2359954,31562190.0000,0.409409,1,-0.812400,22.211068,2.308240,2.785629,-140.884678,0
2016-03-14,sz.002662,13.6600,14.2200,13.6000,13.8600,13.4300,5060363,70618625.0000,0.877880,1,3.201800,22.922219,2.382145,2.874818,-145.395506,0
2016-03-15,sz.002662,13.8600,14.1400,13.7500,13.8300,13.8600,4061140,56464314.0000,0.704533,1,-0.216400,22.872604,2.376989,2.868596,-145.080797,0
2016-03-16,sz.002662,13.9000,14.0200,13.4600,13.5200,13.8300,3872549,53047694.0000,0.671816,1,-2.241500,22.359914,2.323708,2.804296,-141.828805,0
2016-03-17,sz.002662,13.5200,13.9900,13.4000,13.8800,13.5200,8095027,111191680.0000,1.404338,1,2.662700,22.955296,2.385582,2.878967,-145.605312,0
2016-03-18,sz.002662,14.0700,15.1500,14.0200,14.8000,13.8800,11055900,161404866.0000,1.917995,1,6.628200,24.476829,2.543704,3.069792,-155.256384,0
2016-03-21,sz.002662,15.1500,15.3000,14.8100,15.0700,14.8000,9816959,147553772.0000,1.703062,1,1.824300,24.923365,2.590110,3.125795,-158.088764,0
2016-03-22,sz.002662,14.8700,15.3900,14.7500,15.0400,15.0700,7310043,110677371.0000,1.268158,1,-0.199100,24.873750,2.584954,3.119572,-157.774055,0
2016-03-23,sz.002662,15.0300,15.0400,14.6300,14.9600,15.0400,8173088,121206599.0000,1.417880,1,-0.531900,24.741443,2.571204,3.102979,-156.934832,0
2016-03-24,sz.002662,14.9600,15.8400,14.5800,15.1000,14.9600,11904988,181045471.0000,2.065296,1,0.935800,24.972981,2.595266,3.132017,-158.403473,0
2016-03-25,sz.002662,14.9000,15.2000,14.6100,15.0100,15.1000,5415900,80743224.0000,0.939559,1,-0.596000,24.824135,2.579798,3.113350,-157.459347,0
2016-03-28,sz.002662,15.2000,15.2500,14.6000,14.7000,15.0100,6475015,96894497.0000,1.123296,1,-2.065300,24.311445,2.526517,3.049050,-154.207355,0
2016-03-29,sz.002662,14.6900,14.8400,14.1100,14.2600,14.7000,4860261,69881251.0000,0.843166,1,-2.993200,23.583755,2.450894,2.957786,-149.591624,0
2016-03-30,sz.002662,14.4000,14.9300,14.3500,14.9000,14.2600,6430740,94531794.0000,1.115615,1,4.488100,24.642213,2.560892,3.090534,-156.305414,0
2016-03-31,sz.002662,15.1000,15.1200,14.8100,14.9100,14.9000,4897371,73498847.0000,0.849604,1,0.067100,24.658751,2.562610,3.092608,-156.410317,0
2016-04-01,sz.002662,16.4000,16.4000,16.1900,16.4000,14.9100,29736310,487604224.0000,5.158703,1,9.993300,27.122972,2.818699,3.401661,-172.040858,0
2016-04-05,sz.002662,16.2000,16.9300,16.0000,16.6100,16.4000,27618299,455683520.0000,4.791267,1,1.280500,27.470279,2.854793,3.445219,-174.243820,0
2016-04-06,sz.002662,16.0500,16.4300,15.8500,16.3000,16.6100,20013745,322936800.0000,3.472017,1,-1.866400,26.957588,2.801512,3.380919,-170.991829,0
2016-04-07,sz.002662,16.3900,16.4000,15.5900,15.6500,16.3000,14059991,223623049.0000,2.439150,1,-3.987700,25.882593,2.689796,3.246097,-164.173136,0
2016-04-08,sz.002662,15.6200,15.6300,15.0100,15.2500,15.6500,10971308,167163739.0000,1.903320,1,-2.555900,25.221057,2.621047,3.163130,-159.977018,0
2016-04-11,sz.002662,15.4800,15.8400,15.3100,15.5600,15.2500,10484272,163933436.0000,1.818828,1,2.032800,25.733747,2.674327,3.227430,-163.229009,0
2016-04-12,sz.002662,15.4100,15.6700,15.0300,15.2300,15.5600,8044058,122214450.0000,1.395496,1,-2.120800,25.187980,2.617609,3.158982,-159.767212,0
2016-04-13,sz.002662,15.2600,15.6200,15.2500,15.4200,15.2300,8569071,132900262.0000,1.486576,1,1.247500,25.502209,2.650265,3.198391,-161.760368,0
2016-04-14,sz.002662,15.5700,15.6200,15.3200,15.5200,15.4200,6869015,106254578.0000,1.191648,1,0.648500,25.667593,2.667452,3.219133,-162.809398,0
2016-04-15,sz.002662,15.5300,15.5900,15.4000,15.5700,15.5200,6452580,100134113.0000,1.119404,1,0.322200,25.750285,2.676046,3.229504,-163.333912,0
2016-04-18,sz.002662,15.5600,15.5600,15.0500,15.0700,15.5700,7463742,113159054.0000,1.294822,1,-3.211300,24.923365,2.590110,3.125795,-158.088764,0
2016-04-19,sz.002662,15.1200,15.2400,14.9100,15.1600,15.0700,6738347,101550352.0000,1.168979,1,0.597200,25.072211,2.605578,3.144462,-159.032891,0
2016-04-20,sz.002662,15.2400,15.2600,13.8800,14.1000,15.1600,8751826,126268332.0000,1.518281,1,-6.992100,23.319141,2.423394,2.924599,-147.913177,0
2016-04-21,sz.002662,14.1700,14.1700,13.7600,13.7900,14.1000,6398696,89372358.0000,1.110056,1,-2.198600,22.806451,2.370114,2.860299,-144.661185,0
2016-04-22,sz.002662,13.6100,13.8700,13.5800,13.8500,13.7900,3952334,54414658.0000,0.685657,1,0.435100,22.905681,2.380426,2.872744,-145.290603,0
2016-04-25,sz.002662,13.8500,13.8800,13.3500,13.6300,13.8500,4371367,59245097.0000,0.758352,1,-1.588400,22.541836,2.342614,2.827112,-142.982738,0
2016-04-26,sz.002662,13.3700,13.6800,13.3200,13.6800,13.6300,5172509,69849363.0000,0.897335,1,0.366800,24.818246,2.319070,2.653248,-16.653983,0
2016-04-27,sz.002662,13.6400,13.7400,13.5000,13.5400,13.6800,6897128,93796174.0000,1.196525,1,-1.023400,24.564258,2.295337,2.626095,-16.483547,0
2016-04-28,sz.002662,13.4500,13.6000,13.2500,13.5700,13.5400,5353871,71939376.0000,0.928798,1,0.221600,24.618684,2.300423,2.631913,-16.520069,0
2016-04-29,sz.002662,13.5000,13.5000,13.3000,13.3300,13.5700,5192610,69428617.0000,0.900822,1,-1.768600,24.183276,2.259737,2.585365,-16.227894,0
2016-05-03,sz.002662,13.3900,13.6900,13.2200,13.6800,13.3300,7820245,105921637.0000,1.356669,1,2.625700,24.818246,2.319070,2.653248,-16.653983,0
2016-05-04,sz.002662,13.6000,14.2600,13.5300,14.1600,13.6800,13490622,189242153.0000,2.340375,1,3.508800,25.689061,2.400441,2.746344,-17.238333,0
2016-05-05,sz.002662,14.1400,14.1500,13.9000,14.0600,14.1600,5640731,78934524.0000,0.978563,1,-0.706200,25.507641,2.383489,2.726949,-17.116593,0
2016-05-06,sz.002662,14.0500,14.3400,13.5200,13.6200,14.0600,9428202,130614635.0000,1.635620,1,-3.129400,24.709394,2.308899,2.641611,-16.580939,0
2016-05-09,sz.002662,13.3700,13.3700,12.7100,12.7400,13.6200,7008630,90457475.0000,1.215868,1,-6.461100,23.112898,2.159719,2.470934,-15.509630,0
2016-05-10,sz.002662,12.7800,13.0000,12.7300,12.8600,12.7400,3946179,50825042.0000,0.684589,1,0.941900,23.330602,2.180061,2.494208,-15.655718,0
2016-05-11,sz.002662,12.9600,13.0000,12.2500,12.5000,12.8600,6171327,77416624.0000,1.070612,1,-2.799400,22.677491,2.119033,2.424386,-15.217455,0
2016-05-12,sz.002662,12.4100,12.4100,11.9700,12.3100,12.5000,4524861,55192540.0000,0.784980,1,-1.520000,22.332793,2.086824,2.387535,-14.986150,0
2016-05-13,sz.002662,12.3100,12.5600,12.2200,12.3200,12.3100,4455565,55182050.0000,0.772959,1,0.081200,22.350935,2.088519,2.389474,-14.998324,0
2016-05-16,sz.002662,12.3400,12.4800,12.2300,12.4500,12.3200,4163920,51443446.0000,0.722364,1,1.055200,22.586781,2.110557,2.414688,-15.156585,0
2016-05-17,sz.002662,12.1500,12.3400,12.1000,12.2100,12.1500,4018373,49187345.0000,0.697114,1,0.493800,22.151373,2.069872,2.368140,-14.864410,0
2016-05-18,sz.002662,12.1100,12.1300,11.2000,11.3800,12.2100,6291811,72954562.0000,1.091513,1,-6.797700,20.645587,1.929168,2.207161,-13.853971,0
2016-05-19,sz.002662,11.4100,11.8300,11.3800,11.6000,11.3800,5526745,64414156.0000,0.958789,1,1.933200,21.044711,1.966463,2.249830,-14.121798,0
2016-05-20,sz.002662,11.5500,11.7200,11.3600,11.7000,11.6000,3147948,36513349.0000,0.546111,1,0.862100,21.226131,1.983415,2.269225,-14.243538,0
2016-05-23,sz.002662,11.8200,12.5500,11.6500,12.5200,11.7000,7674532,93684895.0000,1.331390,1,7.008600,22.713775,2.122424,2.428265,-15.241803,0
2016-05-24,sz.002662,12.4800,13.3100,12.3400,12.9400,12.5200,13970054,181765431.0000,2.423547,1,3.354600,23.475738,2.193623,2.509724,-15.753109,0
2016-05-25,sz.002662,12.9100,13.2200,12.4000,12.6300,12.9400,7237713,93195642.0000,1.255610,1,-2.395700,22.913337,2.141071,2.449599,-15.375716,0
2016-05-26,sz.002662,12.6500,13.0800,12.1000,13.0200,12.6300,7385938,93869018.0000,1.281324,1,3.087900,23.620874,2.207185,2.525240,-15.850501,0
2016-05-27,sz.002662,13.0300,13.8600,13.0300,13.6000,13.0200,12983162,175752834.0000,2.252340,1,4.454700,24.673110,2.305508,2.637732,-16.556591,0
2016-05-30,sz.002662,13.3900,14.1500,13.2400,13.4800,13.6000,9913760,136653696.0000,1.719855,1,-0.882400,24.455406,2.285166,2.614457,-16.410503,0
2016-05-31,sz.002662,13.5100,13.9400,13.5100,13.8900,13.4800,6404728,88158092.0000,1.111102,1,3.041500,25.199228,2.354670,2.693977,-16.909636,0
2016-06-01,sz.002662,13.7500,14.2400,13.7000,14.1500,13.8900,6709586,93749281.0000,1.163990,1,1.871800,25.670919,2.398746,2.744405,-17.226159,0
2016-06-02,sz.002662,14.0300,14.2600,13.8200,13.9800,14.1500,7067894,98796513.0000,1.226150,1,-1.201400,25.362505,2.369927,2.711433,-17.019202,0
2016-06-03,sz.002662,13.9700,14.0600,13.7200,13.8200,13.9800,4077393,56430479.0000,0.707353,1,-1.144500,25.072234,2.342803,2.680401,-16.824418,0
2016-06-06,sz.002662,13.8000,14.0800,13.6600,13.7900,13.8200,4612977,63842833.0000,0.800267,1,-0.217100,25.017808,2.337718,2.674582,-16.787896,0
2016-06-07,sz.002662,13.8000,15.1700,13.8000,15.1700,13.7900,16798556,247079194.0000,2.914240,1,10.007300,27.521403,2.571659,2.942234,-18.467903,0
2016-06-08,sz.002662,15.0000,16.5500,14.8600,16.0500,15.1700,19597247,305185616.0000,3.399762,1,5.800900,29.117898,2.720839,3.112911,-19.539212,0
2016-06-13,sz.002662,15.6900,15.9900,14.5000,14.5000,16.0500,11670147,180209522.0000,2.024556,1,-9.657300,26.305889,2.458079,2.812287,-17.652248,0
2016-06-14,sz.002662,14.5000,15.3000,14.4200,15.3000,14.5000,8130644,121169115.0000,1.410517,1,5.517200,27.757248,2.593697,2.967448,-18.626165,0
2016-06-15,sz.002662,15.0500,16.7800,15.0000,15.9900,15.3000,20250253,330559440.0000,3.513046,1,4.509800,29.009046,2.710667,3.101274,-19.466168,0
2016-06-16,sz.002662,15.9900,17.2200,15.9000,16.4300,15.9900,18570571,312206496.0000,3.221652,1,2.751700,29.807294,2.785257,3.186612,-20.001823,0
2016-06-17,sz.002662,16.8000,16.8000,15.1500,15.3000,16.4300,16168603,253512518.0000,2.804955,1,-6.877700,27.757248,2.593697,2.967448,-18.626165,0
2016-06-20,sz.002662,16.0000,16.4000,15.3100,15.7900,15.3000,20225312,318140496.0000,3.508720,1,3.202600,28.646206,2.676763,3.062484,-19.222689,0
2016-06-21,sz.002662,15.6300,15.7000,14.8200,15.5100,15.7900,20554874,314645056.0000,3.565892,1,-1.773300,28.138230,2.629297,3.008178,-18.881818,0
2016-06-22,sz.002662,15.2900,15.5800,15.0200,15.4800,15.5100,9050090,138445137.0000,1.570024,1,-0.193400,28.083804,2.624211,3.002359,-18.845296,0
2016-06-23,sz.002662,15.6000,16.1000,15.4500,15.4700,15.4800,10063402,158397628.0000,1.745815,1,-0.064600,28.065662,2.622516,3.000420,-18.833122,0
2016-06-24,sz.002662,15.3200,15.3800,14.0000,14.8800,15.4700,11058744,165522587.0000,1.918489,1,-3.813800,26.995285,2.522497,2.885989,-18.114858,0
2016-06-27,sz.002662,14.8800,15.1700,14.3800,15.0400,14.8800,9804319,145921046.0000,1.700869,1,1.075300,27.285557,2.549621,2.917021,-18.309642,0
2016-06-28,sz.002662,14.9100,15.6300,14.9100,15.5300,15.0400,10123145,155662006.0000,1.756179,1,3.258000,28.174514,2.632687,3.012057,-18.906166,0
2016-06-29,sz.002662,15.6100,15.6800,14.9800,15.0800,15.5300,9946202,151179428.0000,1.725483,1,-2.897600,27.358125,2.556402,2.924779,-18.358338,0
2016-06-30,sz.002662,15.2500,15.2500,14.9200,15.1100,15.0800,4488025,67657089.0000,0.778590,1,0.198900,27.412551,2.561487,2.930597,-18.394859,0
2016-07-01,sz.002662,15.1000,15.1400,14.9200,15.0400,15.1100,5266942,79049881.0000,0.913718,1,-0.463300,27.285557,2.549621,2.917021,-18.309642,0
2016-07-04,sz.002662,14.8100,15.4400,14.7000,15.4200,15.0400,10807380,163166737.0000,1.874882,1,2.526600,27.974952,2.614039,2.990722,-18.772252,0
2016-07-05,sz.002662,15.3700,15.4700,15.1900,15.2800,15.4200,5588909,85405397.0000,0.969573,1,-0.907900,27.720965,2.590306,2.963569,-18.601817,0
2016-07-06,sz.002662,15.1800,16.3200,15.1600,16.1700,15.2800,12795803,202943910.0000,2.219836,1,5.824600,29.335602,2.741181,3.136185,-19.685300,0
2016-07-07,sz.002662,15.9100,17.4700,15.8500,17.1000,16.1700,27881705,474603424.0000,4.836963,1,5.751400,31.022807,2.898838,3.316560,-20.817478,0
2016-07-08,sz.002662,16.9000,17.5800,16.7000,17.2400,17.1000,12191792,211302635.0000,2.115052,1,0.818700,31.276795,2.922571,3.343713,-20.987914,0
2016-07-11,sz.002662,17.0000,17.6000,16.5100,17.0400,17.2400,9782603,166399396.0000,1.697102,1,-1.160100,30.913955,2.888666,3.304922,-20.744435,0
2016-07-12,sz.002662,17.0000,17.4500,16.4000,17.3200,17.0400,8316741,140331233.0000,1.442802,1,1.643200,31.421931,2.936133,3.359229,-21.085305,0
2016-07-13,sz.002662,17.3200,17.8000,17.0000,17.2700,17.3200,6468714,112830339.0000,1.122203,1,-0.288700,31.331221,2.927656,3.349531,-21.024436,0
2016-07-14,sz.002662,17.1600,17.3500,16.6300,17.0300,17.2700,7137809,120208809.0000,1.238279,1,-1.389700,30.895813,2.886971,3.302983,-20.732261,0
2016-07-15,sz.002662,16.9500,17.1600,16.6100,16.6500,17.0300,4099315,68614702.0000,0.711156,1,-2.231400,30.206417,2.822552,3.229282,-20.269650,0
2016-07-18,sz.002662,16.5800,16.5800,16.2900,16.3800,16.6500,4055003,66724613.0000,0.703468,1,-1.621600,29.716584,2.776781,3.176915,-19.940953,0
2016-07-19,sz.002662,16.3700,16.7500,16.1900,16.5600,16.3800,3927502,64703916.0000,0.681349,1,1.098900,30.043140,2.807295,3.211826,-20.160084,0
2016-07-20,sz.002662,16.5600,16.8800,16.5200,16.6600,16.5600,2806332,46885368.0000,0.486847,1,0.603900,30.224559,2.824248,3.231221,-20.281824,0
2016-07-21,sz.002662,16.7000,16.8300,16.4200,16.5400,16.6600,3719708,61701218.0000,0.645301,1,-0.720300,30.006856,2.803905,3.207947,-20.135736,0
2016-07-22,sz.002662,16.5900,16.5900,15.8000,15.8700,16.5400,6364429,102171591.0000,1.104111,1,-4.050800,28.791342,2.690325,3.078000,-19.320081,0
2016-07-25,sz.002662,15.9000,16.0600,15.2000,15.3200,15.8700,9640736,147959695.0000,1.672490,1,-3.465700,27.793532,2.597087,2.971327,-18.650513,0
2016-07-26,sz.002662,15.2900,15.6000,15.1700,15.4700,15.3200,6810835,104142361.0000,1.181555,1,0.979100,28.065662,2.622516,3.000420,-18.833122,0
2016-07-27,sz.002662,15.4700,15.5500,14.3300,15.0800,15.4700,8038653,120676613.0000,1.394558,1,-2.521000,27.358125,2.556402,2.924779,-18.358338,0
2016-07-28,sz.002662,15.0000,15.1100,14.7200,14.8500,15.0800,4157441,61929447.0000,0.721240,1,-1.525200,26.940859,2.517412,2.880170,-18.078336,0
2016-07-29,sz.002662,14.8500,15.0000,14.7500,14.8900,14.8500,2766903,41209808.0000,0.480007,1,0.269400,27.013427,2.524192,2.887928,-18.127032,0
2016-08-01,sz.002662,14.7500,14.9500,14.4000,14.8800,14.8900,2680418,39307459.0000,0.465003,1,-0.067200,26.995285,2.522497,2.885989,-18.114858,0
2016-08-02,sz.002662,14.8900,15.1400,14.7300,15.0500,14.8800,2772903,41613972.0000,0.481048,1,1.142500,27.303699,2.551316,2.918960,-18.321816,0
2016-08-03,sz.002662,15.0600,15.1100,14.8800,14.9400,15.0500,1652460,24713963.0000,0.286671,1,-0.730900,27.104137,2.532669,2.897626,-18.187902,0
2016-08-04,sz.002662,14.9400,15.0800,14.8800,15.0000,14.9400,1736054,26015026.0000,0.301173,1,0.401600,27.212989,2.542840,2.909263,-18.260946,0
2016-08-05,sz.002662,15.0100,15.0800,14.7000,14.7600,15.0000,2449185,36549049.0000,0.424889,1,-1.600000,26.777581,2.502155,2.862715,-17.968771,0
2016-08-08,sz.002662,14.7000,14.8100,14.4700,14.7200,14.7600,2817583,41148382.0000,0.488799,1,-0.271000,26.705013,2.495374,2.854957,-17.920075,0
2016-08-09,sz.002662,14.7200,14.9100,14.6500,14.7800,14.7200,2989454,44186524.0000,0.518615,1,0.407600,26.813865,2.505545,2.866594,-17.993119,0
2016-08-10,sz.002662,14.8400,15.8000,14.8400,15.2700,14.7800,6516404,100154145.0000,1.130476,1,3.315300,27.702823,2.588611,2.961629,-18.589643,0
2016-08-11,sz.002662,15.1000,15.2100,14.8000,14.9000,15.2700,4759743,71293065.0000,0.825728,1,-2.423100,27.031569,2.525888,2.889868,-18.139206,0
2016-08-12,sz.002662,14.9200,15.3300,14.9200,15.1500,14.9000,3538515,53609585.0000,0.613867,1,1.677900,27.485119,2.568268,2.938355,-18.443555,0
2016-08-15,sz.002662,15.1800,15.6600,15.1500,15.5000,15.1500,5939463,91972762.0000,1.030388,1,2.310200,28.120088,2.627601,3.006238,-18.869644,0
2016-08-16,sz.002662,15.5500,15.6600,15.3200,15.5900,15.5000,5022435,77745340.0000,0.871300,1,0.580600,28.283366,2.642858,3.023694,-18.979210,0
2016-08-17,sz.002662,15.5500,15.7800,15.5000,15.6100,15.5900,3583526,56099250.0000,0.621676,1,0.128300,28.319650,2.646249,3.027573,-19.003558,0
2016-08-18,sz.002662,15.7700,16.2900,15.7500,16.2700,15.6100,9030003,145126969.0000,1.566539,1,4.228100,29.118357,2.810752,2.967206,-32.498436,0
2016-08-19,sz.002662,16.2700,16.2800,15.9900,16.0100,16.2700,4154818,66929655.0000,0.720784,1,-1.598000,28.653036,2.765835,2.919789,-31.979100,0
2016-08-22,sz.002662,17.5000,17.5000,16.5000,16.6600,16.0100,21034304,355355552.0000,3.649065,1,4.060000,29.816339,2.878127,3.038332,-33.277439,0
2016-08-23,sz.002662,16.6900,16.7500,15.9700,16.0500,16.6600,10543854,172805865.0000,1.829165,1,-3.661500,28.724624,2.772746,2.927084,-32.058998,0
2016-08-24,sz.002662,16.1100,16.2400,15.6000,15.6900,16.0500,11880069,188034540.0000,2.060973,1,-2.243000,28.080333,2.710553,2.861430,-31.339917,0
2016-08-25,sz.002662,15.5300,15.7500,15.3100,15.7200,15.6900,7746804,119671971.0000,1.343928,1,0.191200,28.134024,2.715736,2.866901,-31.399841,0
2016-08-26,sz.002662,15.6800,15.7100,15.4700,15.4700,15.7200,7804674,121281129.0000,1.353967,1,-1.590300,27.686600,2.672547,2.821308,-30.900479,0
2016-08-29,sz.002662,15.4700,15.6500,15.4000,15.5500,15.4700,4122408,64002943.0000,0.715162,1,0.517100,27.829776,2.686367,2.835898,-31.060275,0
2016-08-30,sz.002662,15.5500,15.6300,15.1300,15.2300,15.5500,7777695,118906882.0000,1.349287,1,-2.057900,27.257073,2.631085,2.777539,-30.421092,0
2016-08-31,sz.002662,15.1300,15.4400,15.1300,15.4400,15.2300,4171884,63905852.0000,0.723745,1,1.378900,27.632909,2.667364,2.815837,-30.840556,0
2016-09-01,sz.002662,15.1500,15.6300,15.1500,15.4400,15.4400,6129095,94893180.0000,1.063285,1,0.000000,27.632909,2.667364,2.815837,-30.840556,0
2016-09-02,sz.002662,15.3200,15.6200,15.3000,15.5500,15.4400,2992381,46431434.0000,0.519123,1,0.712400,27.829776,2.686367,2.835898,-31.060275,0
2016-09-05,sz.002662,15.6800,16.2500,15.6800,16.1300,15.5500,10816138,173712362.0000,1.876401,1,3.729897,28.867800,2.786566,2.941674,-32.218793,0
2016-09-06,sz.002662,16.0400,16.6500,15.8800,16.6500,16.1300,10206359,166005157.0000,1.770616,1,3.223810,29.798442,2.876400,3.036508,-33.257465,0
2016-09-07,sz.002662,16.9000,16.9300,16.0800,16.1500,16.6500,10429491,170355234.0000,1.809325,1,-3.003003,28.903594,2.790021,2.945322,-32.258742,0
2016-09-08,sz.002662,16.2200,16.2900,15.6200,15.8600,16.1500,9738786,154645681.0000,1.689500,1,-1.795665,28.384582,2.739922,2.892433,-31.679483,0
2016-09-09,sz.002662,15.8600,15.8600,15.8600,15.8600,15.8600,0,0.0000,,0,0.000000,28.384582,2.739922,2.892433,-31.679483,0
2016-09-12,sz.002662,15.0200,15.2400,14.5800,14.7500,15.8600,17147506,254547446.0000,2.974777,1,-6.998737,26.398019,2.548162,2.690000,-29.462319,0
2016-09-13,sz.002662,14.7500,14.8900,14.6300,14.7800,14.7500,6875083,101529476.0000,1.192700,1,0.203388,26.451710,2.553345,2.695471,-29.522242,0
2016-09-14,sz.002662,14.7400,15.0000,14.6800,14.8800,14.7800,4041579,60038719.0000,0.701140,1,0.676593,26.630679,2.570620,2.713708,-29.721987,0
2016-09-19,sz.002662,15.0000,15.2800,14.9900,15.1400,14.8800,3403076,51613909.0000,0.590371,1,1.747313,27.096000,2.615537,2.761125,-30.241322,0
2016-09-20,sz.002662,15.1400,15.2400,14.9100,14.9700,15.1400,3014685,45388645.0000,0.522992,1,-1.122854,26.791752,2.586168,2.730122,-29.901757,0
2016-09-21,sz.002662,14.9200,15.1600,14.8100,15.0600,14.9700,3494583,52525262.0000,0.606246,1,0.601203,26.952825,2.601717,2.746535,-30.081527,0
2016-09-22,sz.002662,15.1300,15.1800,15.0000,15.0800,15.0600,2379553,35908527.0000,0.412809,1,0.132799,26.988619,2.605172,2.750183,-30.121476,0
2016-09-23,sz.002662,15.0200,15.0600,14.8600,14.8800,15.0800,2493163,37215965.0000,0.432518,1,-1.326259,26.630679,2.570620,2.713708,-29.721987,0
2016-09-26,sz.002662,14.8100,14.8800,14.5100,14.6500,14.8800,3758091,55166346.0000,0.651960,1,-1.545702,26.219049,2.530886,2.671762,-29.262574,0
2016-09-27,sz.002662,14.6200,14.8300,14.5200,14.8000,14.6500,2524499,37144610.0000,0.437954,1,1.023895,26.487504,2.556800,2.699118,-29.562191,0
2016-09-28,sz.002662,14.7900,14.8700,14.7200,14.7800,14.8000,1381200,20446463.0000,0.239613,1,-0.135138,26.451710,2.553345,2.695471,-29.522242,0
2016-09-29,sz.002662,14.7800,14.9700,14.7000,14.8700,14.7800,1757400,26162903.0000,0.304877,1,0.608932,26.612782,2.568893,2.711884,-29.702012,0
2016-09-30,sz.002662,14.8800,14.9500,14.8100,14.9000,14.8700,1459066,21713759.0000,0.253121,1,0.201747,26.666473,2.574075,2.717355,-29.761936,0
2016-10-10,sz.002662,14.9900,15.2500,14.9900,15.2500,14.9000,3855202,58468395.0000,0.668807,1,2.348996,27.292867,2.634540,2.781186,-30.461041,0
2016-10-11,sz.002662,15.3500,15.7400,15.2500,15.6000,15.2500,6628593,103379194.0000,1.149939,1,2.295084,27.919261,2.695005,2.845016,-31.160147,0
2016-10-12,sz.002662,15.4600,15.7800,15.4000,15.5700,15.6000,3176658,49683393.0000,0.551092,1,-0.192312,27.865570,2.689822,2.839545,-31.100224,0
2016-10-13,sz.002662,15.6800,15.9800,15.5500,15.8700,15.5700,5409825,85751165.0000,0.938505,1,1.926783,28.402479,2.741649,2.894257,-31.699457,0
2016-10-14,sz.002662,15.8000,15.9400,15.5200,15.8600,15.8700,3863770,60891666.0000,0.670293,1,-0.063013,28.384582,2.739922,2.892433,-31.679483,0
2016-10-17,sz.002662,15.7500,16.0000,15.5200,15.9000,15.8600,5924027,93604612.0000,1.027710,1,0.252207,28.456170,2.746832,2.899728,-31.759381,0
2016-10-18,sz.002662,15.7300,16.1300,15.7300,16.0000,15.9000,3998972,63799991.0000,0.693748,1,0.628933,28.635139,2.764108,2.917966,-31.959125,0
2016-10-19,sz.002662,16.0000,16.1600,15.9000,15.9300,16.0000,2817730,45093498.0000,0.488824,1,-0.437498,28.509860,2.752015,2.905200,-31.819304,0
2016-10-20,sz.002662,15.9100,16.3700,15.9100,16.1600,15.9300,4912778,79472095.0000,0.852277,1,1.443814,28.921491,2.791749,2.947145,-32.278717,0
2016-10-21,sz.002662,16.1000,16.1500,15.8000,15.9700,16.1600,2637615,42193919.0000,0.457578,1,-1.175740,28.581448,2.758925,2.912494,-31.899202,0
2016-10-24,sz.002662,15.9400,15.9500,15.5500,15.9300,15.9700,5280766,82985714.0000,0.916116,1,-0.250469,31.069796,2.712253,2.657331,71.643381,0
2016-10-25,sz.002662,15.8600,16.1300,15.8100,15.8800,15.9300,3166243,50321926.0000,0.549285,1,-0.313874,30.972276,2.703740,2.648990,71.418512,0
2016-10-26,sz.002662,15.8000,15.9500,15.6000,15.6300,15.8800,3060808,48155530.0000,0.530994,1,-1.574307,30.484677,2.661175,2.607287,70.294165,0
2016-10-27,sz.002662,15.5500,15.8500,15.5500,15.6000,15.6300,3306196,51770290.0000,0.573564,1,-0.191937,30.426165,2.656067,2.602283,70.159244,0
2016-10-28,sz.002662,15.6000,15.7800,15.5600,15.6700,15.6000,3265169,51197088.0000,0.566447,1,0.448716,30.562693,2.667986,2.613959,70.474061,0
2016-10-31,sz.002662,15.6600,16.2900,15.5600,16.2400,15.6700,8554556,137702280.0000,1.484058,1,3.637522,31.674418,2.765034,2.709043,73.037571,0
2016-11-01,sz.002662,16.2000,16.4300,16.0300,16.3800,16.2400,5708680,92506168.0000,0.990351,1,0.862065,31.947473,2.788871,2.732397,73.667206,0
2016-11-02,sz.002662,16.3700,16.3700,16.0500,16.1800,16.3800,4688726,75714654.0000,0.813408,1,-1.220994,31.557394,2.754819,2.699034,72.767728,0
2016-11-03,sz.002662,16.2000,16.4900,16.1500,16.4100,16.1800,5619217,91999329.0000,0.974831,1,1.421505,32.005985,2.793979,2.737401,73.802127,0
2016-11-04,sz.002662,16.3800,16.5900,16.0200,16.1100,16.4100,3649768,59430544.0000,0.633168,1,-1.828149,31.420867,2.742900,2.687357,72.452911,0
2016-11-07,sz.002662,16.2100,16.2100,15.8600,15.8800,16.1100,3987961,63882788.0000,0.691838,1,-1.427688,30.972276,2.703740,2.648990,71.418512,0
2016-11-08,sz.002662,15.8900,16.1400,15.8900,16.0500,15.8800,2396697,38377697.0000,0.415783,1,1.070524,31.303843,2.732685,2.677348,72.183068,0
2016-11-09,sz.002662,16.0400,16.1600,15.6000,15.8700,16.0500,2798133,44486619.0000,0.485425,1,-1.121491,30.952772,2.702038,2.647322,71.373538,0
2016-11-10,sz.002662,15.8700,16.1200,15.8700,15.9700,15.8700,2764502,44245561.0000,0.479590,1,0.630122,31.147811,2.719064,2.664003,71.823277,0
2016-11-11,sz.002662,15.9000,16.1200,15.8700,16.0900,15.9700,3456949,55360550.0000,0.599717,1,0.751408,31.381859,2.739495,2.684021,72.362963,0
2016-11-14,sz.002662,16.0700,16.2400,16.0100,16.1300,16.0900,3357187,54168982.0000,0.582410,1,0.248595,31.459875,2.746306,2.690693,72.542859,0
2016-11-15,sz.002662,16.2600,16.2600,15.9300,16.1500,16.1300,3368132,54128880.0000,0.584309,1,0.123995,31.498882,2.749711,2.694030,72.632807,0
2016-11-16,sz.002662,16.1700,16.8600,16.1100,16.7300,16.1500,8873421,146577475.0000,1.539375,1,3.591331,32.630112,2.848462,2.790781,75.241291,0
2016-11-17,sz.002662,16.6600,16.8200,16.5400,16.7500,16.7300,4907732,81659482.0000,0.851401,1,0.119549,32.669120,2.851867,2.794117,75.331239,0
2016-11-18,sz.002662,16.7500,16.7900,16.5400,16.5600,16.7500,3932974,65589355.0000,0.682299,1,-1.134331,32.298545,2.819518,2.762423,74.476735,0
2016-11-21,sz.002662,16.5500,16.7100,16.3800,16.6000,16.5600,2570296,42573800.0000,0.445899,1,0.241551,32.376560,2.826328,2.769096,74.656631,0
2016-11-22,sz.002662,16.6900,17.0600,16.6100,16.7900,16.6000,6229035,105244440.0000,1.080623,1,1.144581,32.747135,2.858678,2.800790,75.511135,0
2016-11-23,sz.002662,16.7000,16.9800,16.4800,16.5600,16.7900,4297981,71823087.0000,0.745621,1,-1.369872,32.298545,2.819518,2.762423,74.476735,0
2016-11-24,sz.002662,16.4600,16.6300,16.1700,16.3900,16.5600,3610748,59193382.0000,0.626398,1,-1.026571,31.966977,2.790573,2.734065,73.712180,0
2016-11-25,sz.002662,16.6200,17.8800,16.5200,17.4000,16.3900,9836868,169902265.0000,1.706516,1,6.162296,33.936876,2.962537,2.902546,78.254541,0
2016-11-28,sz.002662,17.3900,17.8000,17.2600,17.5100,17.4000,7039223,123922525.0000,1.221176,1,0.632187,34.151420,2.981265,2.920895,78.749253,0
2016-11-29,sz.002662,17.4000,17.6500,16.8500,16.8900,17.5100,5037816,86105220.0000,0.873968,1,-3.540838,32.942175,2.875704,2.817471,75.960873,0
2016-11-30,sz.002662,16.8900,17.1200,16.5900,16.6200,16.8900,3121381,52385613.0000,0.541502,1,-1.598570,32.415568,2.829733,2.772432,74.746579,0
2016-12-01,sz.002662,16.7200,16.8300,16.5000,16.6000,16.6200,2555721,42498497.0000,0.443371,1,-0.120340,32.376560,2.826328,2.769096,74.656631,0
2016-12-02,sz.002662,16.6300,16.6900,16.3700,16.4900,16.6000,3557005,58792094.0000,0.617075,1,-0.662654,32.162017,2.807600,2.750746,74.161918,0
2016-12-05,sz.002662,16.3000,16.8000,16.2100,16.7900,16.4900,3368442,56102858.0000,0.584363,1,1.819291,32.747135,2.858678,2.800790,75.511135,0
2016-12-06,sz.002662,16.7900,16.8900,16.6200,16.8700,16.7900,1847164,30963716.0000,0.320449,1,0.476474,32.903167,2.872299,2.814135,75.870926,0
2016-12-07,sz.002662,16.8800,17.1400,16.7300,17.1100,16.8700,2870354,48706622.0000,0.497954,1,1.422642,33.371262,2.913161,2.854170,76.950299,0
2016-12-08,sz.002662,17.1200,17.3800,16.8200,16.9000,17.1100,3504483,60028414.0000,0.607963,1,-1.227358,32.961679,2.877406,2.819139,76.005847,0
2016-12-09,sz.002662,17.1000,17.1000,16.5800,16.6400,16.9000,2648354,44372193.0000,0.459441,1,-1.538463,32.454576,2.833139,2.775768,74.836526,0
2016-12-12,sz.002662,16.9000,16.9000,15.8500,16.2500,16.6400,5050042,82127564.0000,0.876089,1,-2.343746,31.693922,2.766737,2.710711,73.082545,0
2016-12-13,sz.002662,16.0000,16.2700,16.0000,16.1500,16.2500,2132916,34435141.0000,0.370022,1,-0.615387,31.498882,2.749711,2.694030,72.632807,0
2016-12-14,sz.002662,16.1900,16.3200,15.8500,16.1800,16.1500,2961987,47762466.0000,0.513850,1,0.185763,31.557394,2.754819,2.699034,72.767728,0
2016-12-15,sz.002662,16.1900,16.5000,16.0600,16.4700,16.1800,2799075,45666291.0000,0.485588,1,1.792330,32.123009,2.804194,2.747410,74.071971,0
2016-12-16,sz.002662,16.4600,17.1000,16.2000,16.7300,16.4700,4819885,80638574.0000,0.836161,1,1.578629,32.630112,2.848462,2.790781,75.241291,0
2016-12-19,sz.002662,16.7700,16.8300,16.1800,16.5400,16.7300,3572601,58632345.0000,0.619781,1,-1.135676,32.259537,2.816113,2.759087,74.386788,0
2016-12-20,sz.002662,16.4600,16.7800,16.2000,16.7800,16.5400,2333854,38626079.0000,0.404881,1,1.451026,32.727631,2.856975,2.799122,75.466161,0
2016-12-21,sz.002662,16.6700,16.9800,16.5800,16.7700,16.7800,3580138,60118720.0000,0.621088,1,-0.059596,32.708128,2.855273,2.797454,75.421187,0
2016-12-22,sz.002662,16.7500,16.7900,16.3500,16.5000,16.7700,2897335,47846758.0000,0.471932,1,-1.610021,32.181521,2.809302,2.752414,74.206892,0
2016-12-23,sz.002662,16.5000,16.5000,15.9700,16.0600,16.5000,4810612,77597690.0000,0.783577,1,-2.666670,31.323347,2.734387,2.679017,72.228042,0
2016-12-26,sz.002662,16.0000,16.0900,15.8400,16.0500,16.0600,2475533,39512359.0000,0.403227,1,-0.062268,31.303843,2.732685,2.677348,72.183068,0
2016-12-27,sz.002662,16.1500,16.2300,15.8900,15.9400,16.0500,2056317,32928520.0000,0.334943,1,-0.685356,31.089299,2.713956,2.658999,71.688355,0
2016-12-28,sz.002662,15.9100,16.2700,15.8700,16.2500,15.9400,1982585,31872502.0000,0.322933,1,1.944796,31.693922,2.766737,2.710711,73.082545,0
2016-12-29,sz.002662,16.2400,16.4400,16.1200,16.4300,16.2500,2649300,43212251.0000,0.431531,1,1.107694,32.044993,2.797384,2.740737,73.892075,0
2016-12-30,sz.002662,16.4200,16.5700,16.3200,16.4500,16.4300,1602746,26386516.0000,0.261063,1,0.121731,32.084001,2.800789,2.744074,73.982023,0
2017-01-03,sz.002662,16.5500,16.6900,16.0000,16.6400,16.4500,2083097,34587845.0000,0.339305,1,1.155007,32.454576,2.833139,2.775768,74.836526,0
2017-01-04,sz.002662,16.6300,16.8700,16.5100,16.7000,16.6400,2220834,37167286.0000,0.361741,1,0.360585,32.571600,2.843354,2.785777,75.106370,0
2017-01-05,sz.002662,16.7400,16.7600,16.5400,16.5600,16.7000,1794921,29913706.0000,0.292366,1,-0.838331,32.298545,2.819518,2.762423,74.476735,0
2017-01-06,sz.002662,16.5500,16.8600,16.5500,16.6000,16.5600,3250261,54318479.0000,0.529419,1,0.241551,32.376560,2.826328,2.769096,74.656631,0
2017-01-09,sz.002662,16.6700,16.8500,16.5400,16.8200,16.6000,2344148,39307944.0000,0.381827,1,1.325297,32.805647,2.863786,2.805794,75.646056,0
2017-01-10,sz.002662,16.8000,16.8300,16.5000,16.6000,16.8200,2365569,39455734.0000,0.385316,1,-1.307963,32.376560,2.826328,2.769096,74.656631,0
2017-01-11,sz.002662,16.6000,16.6000,16.2000,16.2800,16.6000,2344542,38449016.0000,0.381891,1,-1.927709,31.752434,2.771845,2.715715,73.217467,0
2017-01-12,sz.002662,16.2800,16.4000,16.2500,16.3100,16.2800,983564,16056313.0000,0.160208,1,0.184268,31.810946,2.776953,2.720720,73.352389,0
2017-01-13,sz.002662,16.3200,16.3800,16.1300,16.3200,16.3100,1151588,18735797.0000,0.187576,1,0.061313,31.830450,2.778655,2.722388,73.397362,0
2017-01-16,sz.002662,16.3800,16.3800,14.8800,15.7000,16.3200,3278148,51802835.0000,0.533961,1,-3.799019,30.621205,2.673094,2.618964,70.608982,0
2017-01-17,sz.002662,15.7000,15.8600,15.3000,15.7000,15.7000,1512798,23663723.0000,0.246412,1,0.000000,30.621205,2.673094,2.618964,70.608982,0
2017-01-18,sz.002662,15.6900,15.8800,15.5400,15.6700,15.7000,719628,11301535.0000,0.117217,1,-0.191081,30.562693,2.667986,2.613959,70.474061,0
2017-01-19,sz.002662,15.6500,15.6500,15.0800,15.2400,15.6700,1612732,24826992.0000,0.262690,1,-2.744099,29.724023,2.594774,2.542230,68.540184,0
2017-01-20,sz.002662,15.2800,15.6500,15.2000,15.6200,15.2400,1029441,15948185.0000,0.167681,1,2.493439,30.465173,2.659473,2.605619,70.249191,0
2017-01-23,sz.002662,15.6200,15.8900,15.6200,15.7800,15.6200,2017300,31781208.0000,0.328588,1,1.024327,30.777236,2.686714,2.632309,70.968773,0
2017-01-24,sz.002662,15.8900,15.8900,15.6000,15.8600,15.7800,1312121,20659170.0000,0.213725,1,0.506970,30.933268,2.700335,2.645654,71.328564,0
2017-01-25,sz.002662,15.8400,15.8800,15.6800,15.8400,15.8600,649337,10249510.0000,0.105767,1,-0.126100,30.894260,2.696930,2.642318,71.238617,0
2017-01-26,sz.002662,15.7200,15.9400,15.7200,15.8800,15.8400,650850,10339371.0000,0.106014,1,0.252525,30.972276,2.703740,2.648990,71.418512,0
2017-02-03,sz.002662,15.9200,15.9500,15.7100,15.8900,15.8800,618800,9814163.0000,0.100793,1,0.062974,30.991780,2.705443,2.650658,71.463486,0
2017-02-06,sz.002662,15.9400,16.1200,15.7900,16.0900,15.8900,851331,13629253.0000,0.138669,1,1.258652,31.381859,2.739495,2.684021,72.362963,0
2017-02-07,sz.002662,16.1300,16.1300,15.9600,16.0500,16.0900,822813,13207731.0000,0.134024,1,-0.248607,31.303843,2.732685,2.677348,72.183068,0
2017-02-08,sz.002662,16.0700,16.3700,15.9200,16.3200,16.0500,1845416,29897765.0000,0.300591,1,1.682246,31.830450,2.778655,2.722388,73.397362,0
2017-02-09,sz.002662,16.3900,16.3900,16.1900,16.2400,16.3200,1211354,19686528.0000,0.197311,1,-0.490196,31.674418,2.765034,2.709043,73.037571,0
2017-02-10,sz.002662,16.3700,16.3700,15.7800,15.8700,16.2400,4646563,73997472.0000,0.756856,1,-2.278324,30.952772,2.702038,2.647322,71.373538,0
2017-02-13,sz.002662,15.8900,16.1300,15.7900,15.8500,15.8700,2554078,40503241.0000,0.416021,1,-0.126021,30.913764,2.698633,2.643986,71.283590,0
2017-02-14,sz.002662,15.8200,15.9000,15.7800,15.7800,15.8500,2194600,34728174.0000,0.357467,1,-0.441644,30.777236,2.686714,2.632309,70.968773,0
2017-02-15,sz.002662,15.7700,15.7800,15.5900,15.6200,15.7800,2129614,33410250.0000,0.346882,1,-1.013941,30.465173,2.659473,2.605619,70.249191,0
2017-02-16,sz.002662,15.6200,15.7000,15.4600,15.6400,15.6200,2218156,34562277.0000,0.361304,1,0.128044,30.504181,2.662878,2.608955,70.339139,0
2017-02-17,sz.002662,15.6800,15.8500,15.6100,15.8100,15.6400,1999166,31441612.0000,0.325634,1,1.086957,30.835748,2.691822,2.637313,71.103695,0
2017-02-20,sz.002662,15.8100,15.8800,15.4400,15.6400,15.8100,3509956,54739737.0000,0.571719,1,-1.075269,30.504181,2.662878,2.608955,70.339139,0
2017-02-21,sz.002662,15.6600,15.7600,15.5600,15.6500,15.6400,2090234,32671434.0000,0.340468,1,0.063934,30.523685,2.664580,2.610623,70.384113,0
2017-02-22,sz.002662,15.8300,17.2200,15.7500,17.2200,15.6500,13008405,215976726.0000,2.118874,1,10.031950,20.327117,2.931890,2.683732,77.445011,0
2017-02-23,sz.002662,17.5500,18.4500,17.3000,17.4200,17.2200,26864375,475264528.0000,4.375804,1,1.161445,20.563204,2.965942,2.714902,78.344489,0
2017-02-24,sz.002662,17.3100,17.6000,17.0700,17.1200,17.4200,13646492,235850628.0000,2.222809,1,-1.722154,20.209073,2.914864,2.668147,76.995272,0
2017-02-27,sz.002662,17.1600,17.3600,17.0200,17.0800,17.1200,6749739,115765183.0000,1.099431,1,-0.233650,20.161855,2.908053,2.661913,76.815377,0
2017-02-28,sz.002662,16.9700,17.4200,16.9200,17.2300,17.0800,5581463,96145020.0000,0.909137,1,0.878218,20.338921,2.933592,2.685291,77.489985,0
2017-03-01,sz.002662,17.1900,17.3400,17.0800,17.1800,17.2300,5890030,101380525.0000,0.959398,1,-0.290187,20.279899,2.925079,2.677498,77.265116,0
2017-03-02,sz.002662,17.4200,18.1800,17.3600,17.8500,17.1800,17086250,304913744.0000,2.783094,1,3.899884,21.070792,3.039154,2.781917,80.278365,0
2017-03-03,sz.002662,17.7800,18.1000,17.5600,17.9800,17.8500,9164921,163468975.0000,1.492828,1,0.728287,21.224248,3.061288,2.802178,80.863026,0
2017-03-06,sz.002662,18.0000,18.7500,18.0000,18.4900,17.9800,12718263,235691428.0000,2.071615,1,2.836486,21.826271,3.148121,2.881661,83.156693,0
2017-03-07,sz.002662,18.3100,18.6400,18.2100,18.3900,18.4900,7156568,131505218.0000,1.165698,1,-0.540835,21.708227,3.131095,2.866076,82.706954,0
2017-03-08,sz.002662,18.5800,18.5800,17.8300,17.9300,18.3900,11130580,201342766.0000,1.813005,1,-2.501354,21.162110,2.815641,2.794385,-773.617648,0
2017-03-09,sz.002662,18.0000,18.1900,17.8100,17.9800,17.9300,6068963,109421722.0000,0.988543,1,0.278858,21.221123,2.823493,2.802178,-775.774976,0
2017-03-10,sz.002662,17.9800,19.3300,17.9000,19.0200,17.9800,15668992,293668752.0000,2.552244,1,5.784210,22.448596,2.986809,2.964262,-820.647388,0
2017-03-13,sz.002662,19.2800,19.9400,19.0200,19.3100,19.0200,16131267,313947888.0000,2.627542,1,1.524706,22.790872,3.032350,3.009458,-833.159888,0
2017-03-14,sz.002662,19.3200,19.7000,19.0200,19.2600,19.3100,9685045,187303869.0000,1.577549,1,-0.258929,22.731859,3.024498,3.001666,-831.002561,0
2017-03-15,sz.002662,19.1500,19.6800,19.1000,19.6300,19.2600,10716758,208348959.0000,1.745599,1,1.921075,23.168557,3.082601,3.059330,-846.966784,0
2017-03-16,sz.002662,19.5700,19.9200,19.5500,19.7000,19.6300,9419562,185992899.0000,1.534306,1,0.356605,23.251175,3.093593,3.070239,-849.987043,0
2017-03-17,sz.002662,19.6600,19.7500,19.1700,19.3200,19.7000,11434262,222070007.0000,1.862470,1,-1.928939,22.802675,3.033920,3.011017,-833.591354,0
2017-03-20,sz.002662,19.3200,19.3700,18.7800,19.0300,19.3200,12074488,229223238.0000,1.966753,1,-1.501030,22.460399,2.988380,2.965820,-821.078854,0
2017-03-21,sz.002662,19.5500,19.7800,19.1100,19.3700,19.0300,13584045,264283310.0000,2.212637,1,1.786653,22.861688,3.041772,3.018809,-835.748681,0
2017-03-22,sz.002662,19.1000,19.1000,18.7000,19.0100,19.3700,10652238,200932274.0000,1.735090,1,-1.858547,22.436794,2.985239,2.962703,-820.215923,0
2017-03-23,sz.002662,18.9600,19.0300,18.5000,18.7900,19.0100,10469866,196292143.0000,1.705384,1,-1.157282,22.177136,2.950691,2.928416,-810.723682,0
2017-03-24,sz.002662,18.7400,18.8000,18.3200,18.5900,18.7900,10748044,199414399.0000,1.750695,1,-1.064400,21.941083,2.919284,2.897246,-802.094372,0
2017-03-27,sz.002662,18.5800,19.0300,18.5500,18.8400,18.5900,8771030,165158868.0000,1.428669,1,1.344809,22.236149,2.958543,2.936209,-812.881009,0
2017-03-28,sz.002662,18.9500,18.9600,18.5800,18.6300,18.8400,6472753,121343564.0000,1.054314,1,-1.114655,21.988294,2.925566,2.903480,-803.820234,0
2017-03-29,sz.002662,18.8100,18.9400,18.6000,18.7300,18.6300,7539616,141565428.0000,1.228090,1,0.536771,22.106320,2.941269,2.919065,-808.134889,0
2017-03-30,sz.002662,18.7000,18.7000,17.8400,17.8500,18.7300,10574423,191830747.0000,1.722415,1,-4.698340,21.067689,2.803078,2.781917,-770.165924,0
2017-03-31,sz.002662,17.8800,18.3500,17.5600,18.2300,17.8500,7729618,138378660.0000,1.259039,1,2.128847,21.516189,2.862752,2.841140,-786.561614,0
2017-04-05,sz.002662,18.2600,18.8000,18.2300,18.8000,18.2300,10026936,186429317.0000,1.633238,1,3.126713,22.188938,2.952262,2.929975,-811.155147,0
2017-04-06,sz.002662,18.7600,19.2700,18.7000,18.9100,18.8000,11163631,212234958.0000,1.818388,1,0.585110,22.318767,2.969536,2.947118,-815.901268,0
2017-04-07,sz.002662,18.8200,19.0600,18.5300,19.0000,18.9100,7133823,134040798.0000,1.161993,1,0.475940,22.424991,2.983669,2.961145,-819.784457,0
2017-04-10,sz.002662,18.7500,18.9600,18.4500,18.4700,19.0000,8839321,165003727.0000,1.439793,1,-2.789477,21.799452,2.900440,2.878544,-796.916786,0
2017-04-11,sz.002662,18.4600,18.6500,18.1300,18.5100,18.4700,5968662,109907776.0000,0.972206,1,0.216572,21.846662,2.906722,2.884778,-798.642648,0
2017-04-12,sz.002662,18.4100,18.4600,17.9800,18.0200,18.5100,4269471,77837139.0000,0.695433,1,-2.647216,21.268334,2.829774,2.808412,-777.500838,0
2017-04-13,sz.002662,18.3900,19.1900,18.3800,18.9800,18.0200,10826477,204430833.0000,1.763498,1,5.327409,22.401386,2.980528,2.958028,-818.921526,0
2017-04-14,sz.002662,18.9800,18.9800,18.3000,18.5800,18.9800,7046645,131353584.0000,1.147811,1,-2.107480,21.929281,2.917714,2.895688,-801.662906,0
2017-04-17,sz.002662,18.4000,19.1700,18.3000,18.7000,18.5800,8159802,153812304.0000,1.329130,1,0.645860,22.070912,2.936558,2.914390,-806.840492,0
2017-04-18,sz.002662,18.7000,18.9500,17.9800,18.1000,18.7000,7461708,136786751.0000,1.215419,1,-3.208558,21.362755,2.842337,2.820880,-780.952562,0
2017-04-19,sz.002662,8.7200,8.8600,8.0200,8.3900,8.8800,16052516,135018807.0000,1.307377,1,-5.518015,19.804808,2.635051,2.615158,-723.999116,0
2017-04-20,sz.002662,8.3500,8.5300,8.2000,8.4800,8.3900,10415481,87145839.0000,0.848276,1,1.072696,20.017255,2.663317,2.643211,-731.765495,0
2017-04-21,sz.002662,8.4400,8.4700,8.1800,8.2300,8.4800,6984080,57889975.0000,0.568810,1,-2.948113,19.427124,2.584799,2.565286,-710.192219,0
2017-04-24,sz.002662,8.2000,8.2000,8.0200,8.0800,8.2300,8065592,65408506.0000,0.656892,1,-1.822596,19.073045,2.537689,2.518531,-697.248254,0
2017-04-25,sz.002662,8.1000,8.3600,8.0800,8.2900,8.0800,6203237,50976321.0000,0.505215,1,2.599010,19.568755,2.603644,2.583988,-715.369805,0
2017-04-26,sz.002662,8.2500,8.4600,8.1400,8.3800,8.2900,9874028,82278800.0000,0.804178,1,1.085647,19.781203,2.631910,2.612041,-723.136185,0
2017-04-27,sz.002662,8.4300,8.4300,8.1800,8.3100,8.3800,9183367,76157473.0000,0.747928,1,-0.835319,19.615966,2.609925,2.590222,-717.095667,0
2017-04-28,sz.002662,8.2000,8.3300,8.0300,8.2700,8.3100,10283092,84012953.0000,0.837494,1,-0.481347,19.123346,2.557534,2.407202,54.173400,0
2017-05-02,sz.002662,8.2400,8.2500,7.8500,7.9100,8.2700,12740733,102432614.0000,1.037653,1,-4.353091,18.290891,2.446202,2.302414,51.815187,0
2017-05-03,sz.002662,8.0000,8.1300,7.9500,8.0500,7.9100,7975766,64383708.0000,0.649576,1,1.769916,18.614623,2.489498,2.343165,52.732270,0
2017-05-04,sz.002662,8.0000,8.0500,7.8500,7.8700,8.0500,7019461,55606249.0000,0.571691,1,-2.236029,18.198396,2.433832,2.290771,51.553163,0
2017-05-05,sz.002662,8.0900,8.0900,7.8300,7.8400,7.8700,6256567,49766880.0000,0.509558,1,-0.381191,18.129024,2.424555,2.282039,51.356645,0
2017-05-08,sz.002662,7.8000,7.9300,7.3700,7.3900,7.8400,11051972,83921019.0000,0.900114,1,-5.739799,17.088455,2.285390,2.151055,48.408879,0
2017-05-09,sz.002662,7.4000,7.4100,7.2000,7.3200,7.3900,10336415,75189444.0000,0.841837,1,-0.947222,16.926589,2.263742,2.130679,47.950337,0
2017-05-10,sz.002662,7.3000,7.3100,6.9500,6.9800,7.3200,7663050,54949569.0000,0.624108,1,-4.644811,16.140381,2.158596,2.031713,45.723136,0
2017-05-11,sz.002662,7.0200,7.0900,6.7000,7.0400,6.9800,7543175,52523802.0000,0.614345,1,0.859598,16.279124,2.177151,2.049178,46.116171,0
2017-05-12,sz.002662,7.0600,7.1100,7.0100,7.0600,7.0400,4777355,33758816.0000,0.389086,1,0.284091,16.325371,2.183336,2.054999,46.247183,0
2017-05-15,sz.002662,7.1500,7.2200,7.0000,7.0200,7.0600,4205725,29661326.0000,0.342530,1,-0.566572,16.232876,2.170966,2.043356,45.985160,0
2017-05-16,sz.002662,7.0200,7.3600,6.8500,7.3100,7.0200,10220571,72652108.0000,0.832402,1,4.131054,16.903465,2.260650,2.127769,47.884831,0
2017-05-17,sz.002662,7.3200,7.3400,7.1300,7.2300,7.3100,6128750,44397102.0000,0.499148,1,-1.094390,16.718475,2.235909,2.104482,47.360784,0
2017-05-18,sz.002662,7.1800,7.2100,7.0300,7.0400,7.2300,5570398,39646092.0000,0.453674,1,-2.627940,16.279124,2.177151,2.049178,46.116171,0
2017-05-19,sz.002662,7.1000,7.7300,7.1000,7.4900,7.0400,19556728,146553773.0000,1.592774,1,6.392043,17.319693,2.316315,2.180162,49.063938,0
2017-05-22,sz.002662,7.5000,7.7500,7.4000,7.4500,7.4900,9322233,70338988.0000,0.759238,1,-0.534045,17.227198,2.303945,2.168519,48.801914,0
2017-05-23,sz.002662,7.4500,7.5400,7.2700,7.2900,7.4500,5480435,40446117.0000,0.446347,1,-2.147649,16.857218,2.254465,2.121947,47.753820,0
2017-05-24,sz.002662,7.2900,7.2900,7.0300,7.1800,7.2900,7435905,53079117.0000,0.605608,1,-1.508918,16.602857,2.220447,2.089929,47.033254,0
2017-05-25,sz.002662,7.1800,7.3200,7.0500,7.2800,7.1800,6629942,47582888.0000,0.539967,1,1.392763,16.834094,2.251372,2.119036,47.688314,0
2017-05-26,sz.002662,7.2800,7.3000,7.1900,7.2000,7.2800,3832075,27774249.0000,0.312099,1,-1.098907,16.649104,2.226632,2.095750,47.164266,0
2017-05-31,sz.002662,7.2600,7.3600,7.1300,7.1500,7.2000,4944808,35819133.0000,0.402724,1,-0.694441,16.533485,2.211169,2.081196,46.836737,0
2017-06-01,sz.002662,7.1200,7.1900,6.9100,6.9300,7.1500,6104005,42880308.0000,0.497133,1,-3.076927,16.024763,2.143133,2.017160,45.395606,0
2017-06-02,sz.002662,6.9400,6.9700,6.6800,6.9000,6.9300,7262273,49634676.0000,0.591467,1,-0.432897,15.955391,2.133855,2.008427,45.199088,0
2017-06-05,sz.002662,6.8800,7.0200,6.8800,6.9700,6.9000,3596172,24999282.0000,0.292886,1,1.014488,16.117258,2.155503,2.028803,45.657630,0
2017-06-06,sz.002662,6.9500,7.1100,6.9200,7.0900,6.9700,3220305,22717302.0000,0.262274,1,1.721670,16.394743,2.192614,2.063732,46.443701,0
2017-06-07,sz.002662,7.0900,7.2500,7.0700,7.2000,7.0900,6256500,44952365.0000,0.509553,1,1.551476,16.649104,2.226632,2.095750,47.164266,0
2017-06-08,sz.002662,7.2200,7.2900,7.1400,7.2400,7.2000,6452886,46604162.0000,0.525547,1,0.555555,16.741599,2.239002,2.107393,47.426290,0
2017-06-09,sz.002662,7.3000,7.4200,7.1600,7.1900,7.2400,6067713,43871427.0000,0.494177,1,-0.690604,16.625980,2.223539,2.092839,47.098760,0
2017-06-12,sz.002662,7.1900,7.1900,6.9500,6.9700,7.1900,5359837,37764972.0000,0.436525,1,-3.059809,16.117258,2.155503,2.028803,45.657630,0
2017-06-13,sz.002662,7.0400,7.2600,7.0000,7.2100,6.9700,6963085,50038369.0000,0.567100,1,3.443332,16.672228,2.229724,2.098661,47.229772,0
2017-06-14,sz.002662,7.2100,7.2600,7.1400,7.1800,7.2100,4313148,31078388.0000,0.351279,1,-0.416092,16.602857,2.220447,2.089929,47.033254,0
2017-06-15,sz.002662,7.1600,7.2700,7.1100,7.2500,7.1800,5445618,39344641.0000,0.443512,1,0.974933,16.764723,2.242094,2.110304,47.491796,0
2017-06-16,sz.002662,7.2500,7.3400,7.2000,7.2600,7.2500,4505388,32794110.0000,0.366936,1,0.137934,16.787847,2.245187,2.113215,47.557302,0
2017-06-19,sz.002662,7.3000,7.3300,7.2200,7.3000,7.2600,3177530,23106068.0000,0.258790,1,0.550964,16.880342,2.257557,2.124858,47.819325,0
2017-06-20,sz.002662,7.3000,7.5600,7.2800,7.4600,7.3000,9757529,72842095.0000,0.794690,1,2.191779,17.250322,2.307038,2.171430,48.867420,0
2017-06-21,sz.002662,7.4500,7.6000,7.3000,7.3700,7.4600,6045150,44944085.0000,0.492340,1,-1.206436,17.042208,2.279205,2.145233,48.277867,0
2017-06-22,sz.002662,7.3700,7.3800,7.2000,7.2000,7.3700,6440037,46774251.0000,0.524501,1,-2.306650,16.649104,2.226632,2.095750,47.164266,0
2017-06-23,sz.002662,7.1600,7.2300,7.0100,7.2200,7.2000,5735650,40931650.0000,0.467133,1,0.277778,16.695352,2.232817,2.101572,47.295278,0
2017-06-26,sz.002662,7.2100,7.2600,7.1100,7.2400,7.2200,6954971,49927101.0000,0.566439,1,0.277008,16.741599,2.239002,2.107393,47.426290,0
2017-06-27,sz.002662,7.2500,7.3400,7.1900,7.2800,7.2400,5845408,42506614.0000,0.476072,1,0.552492,16.834094,2.251372,2.119036,47.688314,0
2017-06-28,sz.002662,7.2400,7.2500,7.0800,7.0800,7.2800,7638957,54493668.0000,0.622145,1,-2.747257,16.371619,2.189521,2.060821,46.378195,0
2017-06-29,sz.002662,7.0800,7.2000,7.0800,7.1500,7.0800,6099109,43591985.0000,0.496734,1,0.988703,16.533485,2.211169,2.081196,46.836737,0
2017-06-30,sz.002662,7.1400,7.2100,7.0800,7.2000,7.1500,4604826,32892554.0000,0.375034,1,0.699297,16.649104,2.226632,2.095750,47.164266,0
2017-07-03,sz.002662,7.1900,7.3100,7.1500,7.3000,7.2000,6109373,44277676.0000,0.497570,1,1.388894,16.880342,2.257557,2.124858,47.819325,0
2017-07-04,sz.002662,7.3100,7.3400,7.2500,7.3000,7.3000,3810555,27811972.0000,0.310346,1,0.000000,16.880342,2.257557,2.124858,47.819325,0
2017-07-05,sz.002662,7.3000,7.3600,7.2600,7.3300,7.3000,5302746,38741300.0000,0.431876,1,0.410955,16.949713,2.266835,2.133590,48.015843,0
2017-07-06,sz.002662,7.3500,7.4300,7.2800,7.3600,7.3300,5611740,41349706.0000,0.457041,1,0.409280,17.019084,2.276112,2.142322,48.212361,0
2017-07-07,sz.002662,7.3300,7.3800,7.2200,7.3600,7.3600,5739642,41928333.0000,0.467458,1,0.000000,17.019084,2.276112,2.142322,48.212361,0
2017-07-10,sz.002662,7.3100,7.3500,7.1900,7.2200,7.3600,6665686,48317241.0000,0.542879,1,-1.902179,16.695352,2.232817,2.101572,47.295278,0
2017-07-11,sz.002662,7.2400,7.2800,7.1000,7.1300,7.2200,7167138,51310105.0000,0.583719,1,-1.246533,16.487238,2.204984,2.075375,46.705725,0
2017-07-12,sz.002662,7.1500,7.1500,7.0300,7.1300,7.1300,4772754,33799539.0000,0.388711,1,0.000000,16.487238,2.204984,2.075375,46.705725,0
2017-07-13,sz.002662,7.1700,7.1700,7.0700,7.1000,7.1300,3737637,26542829.0000,0.304407,1,-0.420760,16.417867,2.195706,2.066643,46.509207,0
2017-07-14,sz.002662,7.0900,7.1500,7.0700,7.1000,7.1000,2879904,20469731.0000,0.234550,1,0.000000,16.417867,2.195706,2.066643,46.509207,0
2017-07-17,sz.002662,7.0800,7.1000,6.6000,6.6000,7.1000,9882250,67324467.0000,0.804848,1,-7.042254,15.261679,2.041079,1.921104,43.233911,0
2017-07-18,sz.002662,6.6300,6.6600,6.4200,6.5800,6.6000,6814925,44580996.0000,0.555033,1,-0.303030,15.215431,2.034894,1.915283,43.102899,0
2017-07-19,sz.002662,6.5800,6.6900,6.4500,6.6800,6.5800,4613206,30428228.0000,0.375717,1,1.519755,15.446669,2.065819,1.944390,43.757958,0
2017-07-20,sz.002662,6.6900,6.6900,6.5800,6.6400,6.6800,6853748,45446401.0000,0.558195,1,-0.598802,15.354174,2.053449,1.932747,43.495934,0
2017-07-21,sz.002662,6.6400,6.6400,6.5500,6.6100,6.6400,4476676,29525206.0000,0.364597,1,-0.451803,15.284802,2.044172,1.924015,43.299417,0
2017-07-24,sz.002662,6.6100,6.6800,6.5900,6.6400,6.6100,4936855,32748677.0000,0.402076,1,0.453854,15.354174,2.053449,1.932747,43.495934,0
2017-07-25,sz.002662,6.6500,6.7000,6.6200,6.6700,6.6400,4121026,27478319.0000,0.335632,1,0.451810,15.423545,2.062727,1.941480,43.692452,0
2017-07-26,sz.002662,6.6600,6.6900,6.5400,6.5600,6.6700,4094854,27071642.0000,0.333500,1,-1.649177,15.169184,2.028709,1.909461,42.971887,0
2017-07-27,sz.002662,6.5600,6.7500,6.4700,6.7000,6.5600,5333589,35384038.0000,0.434388,1,2.134144,15.492916,2.072005,1.950212,43.888970,0
2017-07-28,sz.002662,6.7100,6.8300,6.6600,6.7400,6.7000,4697793,31714928.0000,0.382606,1,0.597014,15.585411,2.084375,1.961855,44.150994,0
2017-07-31,sz.002662,6.7400,6.8100,6.7100,6.7700,6.7400,3507058,23675859.0000,0.285628,1,0.445107,15.654783,2.093652,1.970587,44.347511,0
2017-08-01,sz.002662,6.7700,7.0800,6.6600,7.0000,6.7700,12957517,89321992.0000,1.055309,1,3.397341,16.186629,2.164781,2.037535,45.854148,0
2017-08-02,sz.002662,6.9700,7.0200,6.8100,6.8200,7.0000,7730385,53283786.0000,0.629592,1,-2.571426,15.770401,2.109115,1.985141,44.675041,0
2017-08-03,sz.002662,6.8500,6.9000,6.6500,6.7800,6.8200,4542125,30824625.0000,0.369928,1,-0.586510,15.677906,2.096745,1.973498,44.413017,0
2017-08-04,sz.002662,6.8500,6.8500,6.7000,6.7400,6.7800,3995321,27006986.0000,0.325394,1,-0.589977,15.585411,2.084375,1.961855,44.150994,0
2017-08-07,sz.002662,6.6800,6.7500,6.6200,6.7400,6.7400,3663709,24574938.0000,0.298386,1,0.000000,16.659562,2.158073,1.936163,37.344641,0
2017-08-08,sz.002662,6.7400,6.7700,6.6800,6.7100,6.7400,4133486,27732777.0000,0.336647,1,-0.445100,16.585410,2.148467,1.927545,37.178419,0
2017-08-09,sz.002662,6.6800,6.7400,6.6300,6.6500,6.7100,5225754,34866060.0000,0.425605,1,-0.894187,16.437105,2.129256,1.910309,36.845974,0
2017-08-10,sz.002662,6.6600,6.6900,6.4700,6.5000,6.6500,7207149,47341913.0000,0.586977,1,-2.255641,16.066343,2.081227,1.867220,36.014862,0
2017-08-11,sz.002662,6.4500,6.5200,6.4200,6.4500,6.5000,4678151,30219884.0000,0.381006,1,-0.769234,15.942756,2.065218,1.852856,35.737824,0
2017-08-14,sz.002662,6.4400,6.5500,6.4300,6.5100,6.4500,4705497,30597563.0000,0.383233,1,0.930239,16.091061,2.084429,1.870092,36.070269,0
2017-08-15,sz.002662,6.5200,6.5500,6.4900,6.5500,6.5100,4030762,26288174.0000,0.328280,1,0.614439,16.189931,2.097237,1.881583,36.291899,0
2017-08-16,sz.002662,6.5500,6.5800,6.4900,6.5700,6.5500,4285108,27986840.0000,0.348995,1,0.305343,16.239366,2.103640,1.887328,36.402714,0
2017-08-17,sz.002662,6.5700,6.5800,6.5000,6.5800,6.5700,4184487,27411868.0000,0.340800,1,0.152203,16.264083,2.106842,1.890201,36.458122,0
2017-08-18,sz.002662,6.5300,6.5800,6.5200,6.5300,6.5800,3788384,24774725.0000,0.308540,1,-0.759874,16.140496,2.090833,1.875838,36.181084,0
2017-08-21,sz.002662,6.5400,6.5900,6.5400,6.5700,6.5300,4715363,30958121.0000,0.384037,1,0.612557,16.239366,2.103640,1.887328,36.402714,0
2017-08-22,sz.002662,6.5800,6.6200,6.5500,6.5800,6.5700,4802570,31635926.0000,0.391139,1,0.152203,16.264083,2.106842,1.890201,36.458122,0
2017-08-23,sz.002662,6.5900,6.6000,6.5000,6.5100,6.5800,4572146,29885635.0000,0.372373,1,-1.063825,16.091061,2.084429,1.870092,36.070269,0
2017-08-24,sz.002662,6.5200,6.5800,6.4700,6.5000,6.5100,4371780,28557130.0000,0.356054,1,-0.153613,16.066343,2.081227,1.867220,36.014862,0
2017-08-25,sz.002662,6.5100,6.5500,6.4800,6.5400,6.5000,4081169,26642203.0000,0.332386,1,0.615384,16.165213,2.094035,1.878710,36.236492,0
2017-08-28,sz.002662,6.5400,6.5700,6.5100,6.5500,6.5400,7920006,51811250.0000,0.645035,1,0.152909,16.189931,2.097237,1.881583,36.291899,0
2017-08-29,sz.002662,6.5600,6.5600,6.5200,6.5200,6.5500,4703477,30734186.0000,0.383069,1,-0.458018,16.115778,2.087631,1.872965,36.125677,0
2017-08-30,sz.002662,6.5200,6.5400,6.5000,6.5100,6.5200,3781048,24649460.0000,0.307943,1,-0.153370,16.091061,2.084429,1.870092,36.070269,0
2017-08-31,sz.002662,6.5100,6.5300,6.4600,6.5200,6.5100,4156065,27005831.0000,0.338486,1,0.153606,16.115778,2.087631,1.872965,36.125677,0
2017-09-01,sz.002662,6.5300,6.5500,6.4800,6.5000,6.5200,8322608,54114436.0000,0.677825,1,-0.306748,16.066343,2.081227,1.867220,36.014862,0
2017-09-04,sz.002662,6.5200,6.5200,6.4600,6.4700,6.5000,6485775,42044636.0000,0.528226,1,-0.461542,15.992191,2.071622,1.858602,35.848639,0
2017-09-05,sz.002662,6.5000,6.5000,6.4500,6.4700,6.4700,5905502,38215423.0000,0.480966,1,0.000000,15.992191,2.071622,1.858602,35.848639,0
2017-09-06,sz.002662,6.4900,6.8400,6.4700,6.8000,6.4700,25209276,168655129.0000,2.053138,1,5.100470,16.807867,2.177284,1.953399,37.677086,0
2017-09-07,sz.002662,6.7500,7.1300,6.7100,6.9900,6.8000,29720859,207987458.0000,2.420579,1,2.794111,17.277499,2.238120,2.007979,38.729828,0
2017-09-08,sz.002662,6.9100,7.1000,6.8700,7.0400,6.9900,15872227,110425273.0000,1.292694,1,0.715310,17.401086,2.254129,2.022342,39.006866,0
2017-09-11,sz.002662,7.2000,7.4800,7.1800,7.2900,7.0400,28268009,206393146.0000,2.302253,1,3.551136,18.019022,2.334176,2.094159,40.392053,0
2017-09-12,sz.002662,7.2200,7.6300,7.2000,7.3500,7.2900,37709648,280022608.7000,3.071216,1,0.823044,18.167327,2.353388,2.111394,40.724498,0
2017-09-13,sz.002662,7.2500,7.3800,7.2200,7.3800,7.3500,16247338,118460229.1000,1.323244,1,0.408166,18.241479,2.362993,2.120012,40.890720,0
2017-09-14,sz.002662,7.4300,7.7700,7.3900,7.6200,7.3800,27144642,205806050.4600,2.210762,1,3.252029,18.834698,2.439839,2.188956,42.220500,0
2017-09-15,sz.002662,7.5500,7.6400,7.4300,7.5700,7.6200,15223570,114095546.6000,1.239865,1,-0.656164,18.711111,2.423829,2.174593,41.943462,0
2017-09-18,sz.002662,7.5000,7.6500,7.3100,7.5500,7.5700,16130682,121115395.3500,1.313743,1,-0.264201,18.661676,2.417425,2.168847,41.832647,0
2017-09-19,sz.002662,7.5200,7.5600,7.3100,7.3600,7.5500,16114370,119427989.2200,1.312415,1,-2.516557,18.192044,2.356590,2.114267,40.779905,0
2017-09-20,sz.002662,7.3700,7.5900,7.2900,7.5900,7.3600,19672167,146233187.7300,1.602175,1,3.125000,18.760546,2.430233,2.180338,42.054277,0
2017-09-21,sz.002662,7.6600,7.7100,7.3500,7.3700,7.5900,17534192,131895435.6300,1.428051,1,-2.898554,18.216762,2.359791,2.117140,40.835313,0
2017-09-22,sz.002662,7.3600,7.3600,7.1600,7.2900,7.3700,12561547,91153891.6600,1.023060,1,-1.085481,18.019022,2.334176,2.094159,40.392053,0
2017-09-25,sz.002662,7.2000,7.3100,7.1900,7.2300,7.2900,6481148,46927436.7300,0.527849,1,-0.823044,17.870717,2.314965,2.076923,40.059608,0
2017-09-26,sz.002662,7.2700,7.3000,7.1300,7.2400,7.2300,8303524,59993559.7200,0.676270,1,0.138309,17.895435,2.318167,2.079795,40.115015,0
2017-09-27,sz.002662,7.2700,7.4100,7.2200,7.3400,7.2400,9447575,69213974.8500,0.769446,1,1.381221,18.142609,2.350186,2.108522,40.669090,0
2017-09-28,sz.002662,7.3200,7.4200,7.1800,7.1800,7.3400,10972562,80077405.7600,0.893647,1,-2.179841,17.747130,2.298956,2.062559,39.782570,0
2017-09-29,sz.002662,7.9000,7.9000,7.9000,7.9000,7.1800,8325195,65769040.5000,0.678035,1,10.027860,19.526787,2.529492,2.269390,43.771909,0
2017-10-09,sz.002662,8.6900,8.6900,8.6900,8.6900,7.9000,2771287,24082484.0300,0.225704,1,9.999993,21.479465,2.782441,2.496329,48.149100,0
2017-10-10,sz.002662,9.5600,9.5600,9.5600,9.5600,8.6900,4353310,41617643.6000,0.354550,1,10.011520,23.629884,3.061005,2.746249,52.969551,0
2017-10-11,sz.002662,10.5200,10.5200,10.0500,10.5200,9.5600,174100402,1814007394.3900,14.179392,1,10.041840,26.002759,3.368386,3.022023,58.288669,0
2017-10-12,sz.002662,10.5200,11.1000,10.2500,10.7700,10.5200,169109442,1807014615.1500,13.772909,1,2.376426,26.620695,3.448433,3.093839,59.673856,0
2017-10-13,sz.002662,10.4500,10.7000,10.0300,10.1300,10.7700,115223519,1191059624.9700,9.384237,1,-5.942436,25.038778,3.243513,2.909990,56.127777,0
2017-10-16,sz.002662,9.8800,10.0800,9.2600,9.4500,10.1300,97965382,944696996.1300,7.978669,1,-6.712738,23.357992,3.025784,2.714650,52.360068,0
2017-10-17,sz.002662,9.4400,9.5400,9.2000,9.3200,9.4500,61082720,569878141.4900,4.974807,1,-1.375663,23.036665,2.984160,2.677306,51.639771,0
2017-10-18,sz.002662,9.1600,9.2400,8.7600,8.7800,9.3200,69367721,625255654.8100,5.649568,1,-5.793991,21.701922,2.811258,2.522183,48.647767,0
2017-10-19,sz.002662,8.7700,9.0200,8.7000,8.8300,8.7800,47366160,417900981.2600,3.857678,1,0.569478,21.825510,2.827267,2.536546,48.924805,0
2017-10-20,sz.002662,8.7900,9.0300,8.7300,8.9500,8.8300,48657792,432167793.9700,3.962874,1,1.359002,22.122119,2.865690,2.571018,49.589694,0
2017-10-23,sz.002662,8.8600,8.8800,8.5300,8.7300,8.9500,42280202,366735496.4800,3.443459,1,-2.458104,21.578335,2.795248,2.507820,48.370730,0
2017-10-24,sz.002662,8.7200,8.8400,8.4200,8.5600,8.7300,34511155,297399077.3700,2.810718,1,-1.947298,21.233967,2.572274,2.397908,-60.929502,0
2017-10-25,sz.002662,8.5900,8.7600,8.4800,8.7200,8.5600,30401175,262586784.8800,2.475986,1,1.869157,21.630863,2.620354,2.442729,-62.068372,0
2017-10-26,sz.002662,8.6500,8.7100,8.4800,8.6100,8.7200,25454639,218673152.0100,2.073122,1,-1.261475,21.357997,2.587299,2.411915,-61.285399,0
2017-10-27,sz.002662,8.5600,8.7000,8.3400,8.3400,8.6100,28121656,240066207.1800,2.290333,1,-3.135883,20.688234,2.506164,2.336280,-59.363557,0
2017-10-30,sz.002662,8.3400,8.3700,7.9700,8.0000,8.3400,28707213,232449374.5600,2.338023,1,-4.076741,19.844829,2.403995,2.241036,-56.943460,0
2017-10-31,sz.002662,8.0700,8.2000,7.9900,8.1500,8.0000,19774984,159907883.8000,1.610549,1,1.874995,20.216919,2.449069,2.283055,-58.011150,0
2017-11-01,sz.002662,8.1700,8.2800,8.0700,8.1200,8.1500,17636733,144110814.9000,1.436402,1,-0.368095,20.142501,2.440054,2.274651,-57.797612,0
2017-11-02,sz.002662,8.0900,8.1900,7.9500,8.1900,8.1200,19428400,156978650.0600,1.582322,1,0.862065,20.316143,2.461089,2.294260,-58.295867,0
2017-11-03,sz.002662,8.1400,8.2800,8.0200,8.1500,8.1900,18439376,150420215.4900,1.501772,1,-0.488400,20.216919,2.449069,2.283055,-58.011150,0
2017-11-06,sz.002662,8.1500,8.3200,8.0700,8.3200,8.1500,19969865,163725120.5100,1.626421,1,2.085891,20.638622,2.500154,2.330677,-59.221199,0
2017-11-07,sz.002662,8.3000,8.4000,8.2100,8.3600,8.3200,18499636,153588256.7400,1.506680,1,0.480769,20.737846,2.512174,2.341882,-59.505916,0
2017-11-08,sz.002662,8.2400,8.3800,8.1200,8.1700,8.3600,28585206,236021624.3000,2.328087,1,-2.272722,20.266531,2.455079,2.288658,-58.153509,0
2017-11-09,sz.002662,8.1000,8.2200,7.9700,8.1000,8.1700,23182645,187556648.4800,1.888082,1,-0.856789,20.092889,2.434044,2.269049,-57.655253,0
2017-11-10,sz.002662,8.0500,8.2500,8.0200,8.0700,8.1000,17686171,143947589.3400,1.440428,1,-0.370379,20.018471,2.425030,2.260645,-57.441716,0
2017-11-13,sz.002662,8.1200,8.4200,8.0800,8.3200,8.0700,24588390,203490354.0000,1.639247,1,3.097893,20.638622,2.500154,2.330677,-59.221199,0
2017-11-14,sz.002662,8.2900,8.4200,8.1200,8.1700,8.3200,16608056,136967247.6900,1.107218,1,-1.802880,20.266531,2.455079,2.288658,-58.153509,0
2017-11-15,sz.002662,8.1800,8.5900,8.1200,8.5200,8.1700,33067787,278959919.6300,2.204547,1,4.283970,21.134742,2.560254,2.386703,-60.644785,0
2017-11-16,sz.002662,8.4800,8.6500,8.3200,8.5500,8.5200,26229297,223107279.2400,1.748642,1,0.352110,21.209160,2.569269,2.395107,-60.858323,0
2017-11-17,sz.002662,8.5200,8.6200,7.7000,7.7000,8.5500,44746964,360521065.3600,2.983169,1,-9.941525,19.100647,2.313845,2.156997,-54.808080,0
2017-11-20,sz.002662,7.4500,7.8200,7.2000,7.7500,7.7000,19680995,148198026.5100,1.312083,1,0.649353,19.224678,2.328870,2.171003,-55.163977,0
2017-11-21,sz.002662,7.6800,7.7600,7.4000,7.4600,7.7500,16414854,123830419.6100,1.094337,1,-3.741935,18.505303,2.241725,2.089766,-53.099777,0
2017-11-22,sz.002662,7.4400,7.5400,7.3200,7.3300,7.4600,11249204,83586001.5900,0.749956,1,-1.742629,18.182824,2.202660,2.053349,-52.174445,0
2017-11-23,sz.002662,7.3500,7.3900,7.1500,7.2000,7.3300,10169148,74042887.0900,0.677952,1,-1.773535,17.860346,2.163595,2.016932,-51.249114,0
2017-11-24,sz.002662,7.2000,7.3600,7.1300,7.3000,7.2000,7035744,50959629.1000,0.469056,1,1.388894,18.108406,2.193645,2.044945,-51.960907,0
2017-11-27,sz.002662,7.3200,7.3400,7.1900,7.2500,7.3000,5489729,39852605.9900,0.365987,1,-0.684934,17.984376,2.178620,2.030939,-51.605011,0
2017-11-28,sz.002662,7.2400,7.4200,7.2100,7.3700,7.2500,6795529,49634597.7600,0.453041,1,1.655171,18.282048,2.214680,2.064554,-52.459163,0
2017-11-29,sz.002662,7.3400,7.4200,7.2400,7.3500,7.3700,7553023,55372511.4700,0.503541,1,-0.271370,18.232436,2.208670,2.058952,-52.316804,0
2017-11-30,sz.002662,7.3900,7.3900,7.1100,7.2700,7.3500,9093700,66134937.0000,0.606254,1,-1.088434,18.033988,2.184630,2.036541,-51.747369,0
2017-12-01,sz.002662,7.2200,7.3700,7.2000,7.3200,7.2700,6245002,45602396.5000,0.416339,1,0.687760,18.158018,2.199655,2.050548,-52.103266,0
2017-12-04,sz.002662,7.3400,7.3600,7.1300,7.1500,7.3200,8367781,60423590.7300,0.557859,1,-2.322405,17.736315,2.148570,2.002926,-50.893218,0
2017-12-05,sz.002662,7.1600,7.1900,6.8000,6.8800,7.1500,11472233,80387047.7600,0.764825,1,-3.776224,17.066553,2.067435,1.927291,-48.971376,0
2017-12-06,sz.002662,6.8500,7.0300,6.8400,7.0200,6.8800,6369700,43998882.0000,0.424652,1,2.034882,17.413837,2.109505,1.966509,-49.967886,0
2017-12-07,sz.002662,7.0500,7.1800,7.0300,7.0800,7.0200,6376241,45337031.6400,0.425088,1,0.854700,17.562673,2.127535,1.983317,-50.394962,0
2017-12-08,sz.002662,7.0500,7.1500,7.0000,7.0800,7.0800,6732822,47658303.5600,0.448860,1,0.000000,17.562673,2.127535,1.983317,-50.394962,0
2017-12-11,sz.002662,7.0900,7.7400,7.0000,7.4700,7.0800,19921177,148481625.3400,1.328095,1,5.508473,18.530109,2.244730,2.092567,-53.170956,0
2017-12-12,sz.002662,7.4600,7.5200,7.3500,7.4500,7.4700,9189132,68220980.2300,0.612617,1,-0.267737,18.480497,2.238720,2.086965,-53.028597,0
2017-12-13,sz.002662,7.4000,7.5300,7.3500,7.4000,7.4500,6543775,48609734.0000,0.436257,1,-0.671137,18.356466,2.223695,2.072958,-52.672701,0
2017-12-14,sz.002662,7.4100,7.5000,7.2800,7.4800,7.4000,8825026,65413277.8800,0.588342,1,1.081080,18.554915,2.247735,2.095368,-53.242135,0
2017-12-15,sz.002662,7.8100,7.8900,7.3300,7.3700,7.4800,16052969,122144621.5300,1.070211,1,-1.470590,18.282048,2.214680,2.064554,-52.459163,0
2017-12-18,sz.002662,7.3000,7.3000,7.1500,7.1500,7.3700,8040200,57874865.0000,0.536020,1,-2.985072,17.736315,2.148570,2.002926,-50.893218,0
2017-12-19,sz.002662,7.1800,7.2500,7.1600,7.1700,7.1500,4582026,32987930.9400,0.305472,1,0.279720,17.785928,2.154580,2.008528,-51.035576,0
2017-12-20,sz.002662,7.1700,7.2100,7.0800,7.0800,7.1700,4995120,35516915.2000,0.333012,1,-1.255232,17.562673,2.127535,1.983317,-50.394962,0
2017-12-21,sz.002662,7.1100,7.1100,6.9400,7.0600,7.0800,6605214,46506222.3800,0.440353,1,-0.282486,17.513061,2.121525,1.977714,-50.252604,0
2017-12-22,sz.002662,7.0500,7.1100,7.0200,7.0900,7.0600,3691806,26095802.4800,0.246124,1,0.424932,17.587479,2.130540,1.986118,-50.466142,0
2017-12-25,sz.002662,7.0700,7.1200,6.9300,7.0100,7.0900,4775592,33534531.2400,0.318377,1,-1.128349,17.389031,2.106500,1.963708,-49.896707,0
2017-12-26,sz.002662,7.0100,7.1000,6.9700,7.1000,7.0100,3875760,27230185.3800,0.258387,1,1.283875,17.612285,2.133545,1.988919,-50.537321,0
2017-12-27,sz.002662,7.1200,7.3900,7.0500,7.2500,7.1000,13155430,95020918.8600,0.877040,1,2.112678,17.984376,2.178620,2.030939,-51.605011,0
2017-12-28,sz.002662,7.3300,7.5900,7.2900,7.3600,7.2500,20530623,152555945.4200,1.368725,1,1.517243,18.257242,2.211675,2.061753,-52.387983,0
2017-12-29,sz.002662,7.2900,7.2900,7.1500,7.2200,7.3600,9717355,70111548.4900,0.647832,1,-1.902179,17.909958,2.169605,2.022535,-51.391473,0
2018-01-02,sz.002662,7.1600,7.3700,7.1600,7.2800,7.2200,6946345,50477231.1000,0.463096,1,0.831031,18.058794,2.187635,2.039343,-51.818549,0
2018-01-03,sz.002662,7.2600,7.4200,7.2200,7.4100,7.2800,11746837,86174456.4400,0.783132,1,1.785709,18.381272,2.226700,2.075759,-52.743880,0
2018-01-04,sz.002662,7.3600,7.4200,7.2900,7.3200,7.4100,8364375,61430536.1800,0.557632,1,-1.214571,18.158018,2.199655,2.050548,-52.103266,0
2018-01-05,sz.002662,7.3000,7.3500,7.2500,7.2900,7.3200,6243279,45545200.2400,0.416224,1,-0.409839,18.083600,2.190640,2.042144,-51.889728,0
2018-01-08,sz.002662,7.3200,7.4000,7.2700,7.3100,7.2900,6654548,48716011.6100,0.443642,1,0.274348,18.133212,2.196650,2.047746,-52.032087,0
2018-01-09,sz.002662,7.3000,7.4800,7.3000,7.4200,7.3100,12712883,94210075.2000,0.847536,1,1.504790,18.406078,2.229705,2.078561,-52.815059,0
2018-01-10,sz.002662,7.4100,7.4100,7.2200,7.2400,7.4200,8550100,62331034.0000,0.570014,1,-2.425880,17.959570,2.175615,2.028137,-51.533832,0
2018-01-11,sz.002662,7.2200,7.3200,7.1700,7.2700,7.2400,5316083,38652549.5400,0.354410,1,0.414367,18.033988,2.184630,2.036541,-51.747369,0
2018-01-12,sz.002662,7.2400,7.3300,7.1800,7.2200,7.2700,6870877,49911006.2900,0.458064,1,-0.687760,17.909958,2.169605,2.022535,-51.391473,0
2018-01-15,sz.002662,7.1500,7.1900,6.8900,6.9100,7.2200,10629500,74635386.4800,0.708642,1,-4.293628,17.140971,2.076450,1.935695,-49.184914,0
2018-01-16,sz.002662,6.9100,7.0200,6.8200,6.8800,6.9100,6829334,47168244.4700,0.455295,1,-0.434150,17.066553,2.067435,1.927291,-48.971376,0
2018-01-17,sz.002662,6.9000,6.9200,6.6900,6.8500,6.8800,7078736,48040925.5200,0.471922,1,-0.436050,16.992134,2.058420,1.918887,-48.757838,0
2018-01-18,sz.002662,6.8600,7.0300,6.8300,6.8700,6.8500,5688901,39369172.8300,0.379265,1,0.291971,17.041746,2.064430,1.924489,-48.900196,0
2018-01-19,sz.002662,6.7500,6.9400,6.7300,6.8800,6.8700,5478475,37441426.5000,0.365236,1,0.145564,17.066553,2.067435,1.927291,-48.971376,0
2018-01-22,sz.002662,6.8100,6.9700,6.7700,6.9200,6.8800,5367600,36911193.6200,0.357845,1,0.581395,17.165777,2.079455,1.938496,-49.256093,0
2018-01-23,sz.002662,6.9300,6.9800,6.8400,6.9300,6.9200,4236635,29295475.7800,0.282446,1,0.144505,17.190583,2.082460,1.941297,-49.327272,0
2018-01-24,sz.002662,6.9000,6.9200,6.8000,6.8700,6.9300,5084910,34895854.0500,0.338998,1,-0.865800,17.041746,2.064430,1.924489,-48.900196,0
2018-01-25,sz.002662,6.8400,6.9300,6.8000,6.8500,6.8700,5164441,35548499.6800,0.344300,1,-0.291121,16.992134,2.058420,1.918887,-48.757838,0
2018-01-26,sz.002662,6.8300,6.8800,6.8200,6.8300,6.8500,4928500,33727231.2400,0.328571,1,-0.291971,16.942522,2.052410,1.913284,-48.615479,0
2018-01-29,sz.002662,6.8400,6.8400,6.5700,6.6100,6.8300,10579257,70508341.4700,0.705293,1,-3.221081,16.396790,1.986300,1.851656,-47.049534,0
2018-01-30,sz.002662,6.6200,6.6500,6.5600,6.6200,6.6100,3654777,24133238.6800,0.243655,1,0.151282,16.421596,1.989305,1.854457,-47.120713,0
2018-01-31,sz.002662,6.1300,6.2500,5.9600,5.9600,6.6200,18291475,110514718.8000,1.219447,1,-9.969787,14.784397,1.790976,1.669572,-42.422878,0
2018-02-01,sz.002662,5.9600,5.9600,5.9600,5.9600,5.9600,0,0.0000,,0,0.000000,14.784397,1.790976,1.669572,-42.422878,0
2018-02-02,sz.002662,5.9600,5.9600,5.9600,5.9600,5.9600,0,0.0000,,0,0.000000,14.784397,1.790976,1.669572,-42.422878,0
2018-02-05,sz.002662,5.9600,5.9600,5.9600,5.9600,5.9600,0,0.0000,,0,0.000000,14.784397,1.790976,1.669572,-42.422878,0
2018-02-06,sz.002662,5.9600,5.9600,5.9600,5.9600,5.9600,0,0.0000,,0,0.000000,14.784397,1.790976,1.669572,-42.422878,0
2018-02-07,sz.002662,5.9600,5.9600,5.9600,5.9600,5.9600,0,0.0000,,0,0.000000,14.784397,1.790976,1.669572,-42.422878,0
2018-02-08,sz.002662,5.9600,5.9600,5.9600,5.9600,5.9600,0,0.0000,,0,0.000000,14.784397,1.790976,1.669572,-42.422878,0
2018-02-09,sz.002662,5.9600,5.9600,5.9600,5.9600,5.9600,0,0.0000,,0,0.000000,14.784397,1.790976,1.669572,-42.422878,0
2018-02-12,sz.002662,5.9600,5.9600,5.9600,5.9600,5.9600,0,0.0000,,0,0.000000,14.784397,1.790976,1.669572,-42.422878,0
2018-02-13,sz.002662,5.9600,5.9600,5.9600,5.9600,5.9600,0,0.0000,,0,0.000000,14.784397,1.790976,1.669572,-42.422878,0
2018-02-14,sz.002662,5.9600,5.9600,5.9600,5.9600,5.9600,0,0.0000,,0,0.000000,14.784397,1.790976,1.669572,-42.422878,0
2018-02-22,sz.002662,5.9600,5.9600,5.9600,5.9600,5.9600,0,0.0000,,0,0.000000,27.269337,1.790976,1.571667,-42.422878,0
2018-02-23,sz.002662,5.9600,5.9600,5.9600,5.9600,5.9600,0,0.0000,,0,0.000000,27.269337,1.790976,1.571667,-42.422878,0
2018-02-26,sz.002662,5.9600,5.9600,5.9600,5.9600,5.9600,0,0.0000,,0,0.000000,27.269337,1.790976,1.571667,-42.422878,0
2018-02-27,sz.002662,5.9600,5.9600,5.9600,5.9600,5.9600,0,0.0000,,0,0.000000,27.269337,1.790976,1.571667,-42.422878,0
2018-02-28,sz.002662,5.9600,5.9600,5.9600,5.9600,5.9600,0,0.0000,,0,0.000000,27.269337,1.790976,1.571667,-42.422878,0
2018-03-01,sz.002662,5.9600,5.9600,5.9600,5.9600,5.9600,0,0.0000,,0,0.000000,27.269337,1.790976,1.571667,-42.422878,0
2018-03-02,sz.002662,5.9600,5.9600,5.9600,5.9600,5.9600,0,0.0000,,0,0.000000,27.269337,1.790976,1.571667,-42.422878,0
2018-03-05,sz.002662,5.9600,5.9600,5.9600,5.9600,5.9600,0,0.0000,,0,0.000000,27.269337,1.790976,1.571667,-42.422878,0
2018-03-06,sz.002662,5.9600,5.9600,5.9600,5.9600,5.9600,0,0.0000,,0,0.000000,27.269337,1.790976,1.571667,-42.422878,0
2018-03-07,sz.002662,5.9600,5.9600,5.9600,5.9600,5.9600,0,0.0000,,0,0.000000,27.269337,1.790976,1.571667,-42.422878,0
2018-03-08,sz.002662,5.9600,5.9600,5.9600,5.9600,5.9600,0,0.0000,,0,0.000000,27.269337,1.790976,1.571667,-42.422878,0
2018-03-09,sz.002662,5.9600,5.9600,5.9600,5.9600,5.9600,0,0.0000,,0,0.000000,27.269337,1.790976,1.571667,-42.422878,0
2018-03-12,sz.002662,5.9600,5.9600,5.9600,5.9600,5.9600,0,0.0000,,0,0.000000,27.269337,1.790976,1.571667,-42.422878,0
2018-03-13,sz.002662,5.9600,5.9600,5.9600,5.9600,5.9600,0,0.0000,,0,0.000000,27.269337,1.790976,1.571667,-42.422878,0
2018-03-14,sz.002662,5.9600,5.9600,5.9600,5.9600,5.9600,0,0.0000,,0,0.000000,27.269337,1.790976,1.571667,-42.422878,0
2018-03-15,sz.002662,5.9600,5.9600,5.9600,5.9600,5.9600,0,0.0000,,0,0.000000,27.269337,1.790976,1.571667,-42.422878,0
2018-03-16,sz.002662,5.9600,5.9600,5.9600,5.9600,5.9600,0,0.0000,,0,0.000000,27.269337,1.790976,1.571667,-42.422878,0
2018-03-19,sz.002662,5.9600,5.9600,5.9600,5.9600,5.9600,0,0.0000,,0,0.000000,27.269337,1.790976,1.571667,-42.422878,0
2018-03-20,sz.002662,5.9600,5.9600,5.9600,5.9600,5.9600,0,0.0000,,0,0.000000,27.269337,1.790976,1.571667,-42.422878,0
2018-03-21,sz.002662,5.9600,5.9600,5.9600,5.9600,5.9600,0,0.0000,,0,0.000000,27.269337,1.790976,1.571667,-42.422878,0
2018-03-22,sz.002662,5.9600,5.9600,5.9600,5.9600,5.9600,0,0.0000,,0,0.000000,28.226482,1.747110,1.571664,-17.832038,0
2018-03-23,sz.002662,5.9600,5.9600,5.9600,5.9600,5.9600,0,0.0000,,0,0.000000,28.226482,1.747110,1.571664,-17.832038,0
2018-03-26,sz.002662,5.9600,5.9600,5.9600,5.9600,5.9600,0,0.0000,,0,0.000000,28.226482,1.747110,1.571664,-17.832038,0
2018-03-27,sz.002662,5.9600,5.9600,5.9600,5.9600,5.9600,0,0.0000,,0,0.000000,28.226482,1.747110,1.571664,-17.832038,0
2018-03-28,sz.002662,5.9600,5.9600,5.9600,5.9600,5.9600,0,0.0000,,0,0.000000,28.226482,1.747110,1.571664,-17.832038,0
2018-03-29,sz.002662,5.9600,5.9600,5.9600,5.9600,5.9600,0,0.0000,,0,0.000000,28.226482,1.747110,1.571664,-17.832038,0
2018-03-30,sz.002662,5.9600,5.9600,5.9600,5.9600,5.9600,0,0.0000,,0,0.000000,28.226482,1.747110,1.571664,-17.832038,0
2018-04-02,sz.002662,5.9600,5.9600,5.9600,5.9600,5.9600,0,0.0000,,0,0.000000,28.226482,1.747110,1.571664,-17.832038,0
2018-04-03,sz.002662,5.9600,5.9600,5.9600,5.9600,5.9600,0,0.0000,,0,0.000000,28.226482,1.747110,1.571664,-17.832038,0
2018-04-04,sz.002662,5.9600,5.9600,5.9600,5.9600,5.9600,0,0.0000,,0,0.000000,28.226482,1.747110,1.571664,-17.832038,0
2018-04-09,sz.002662,5.9600,5.9600,5.9600,5.9600,5.9600,0,0.0000,,0,0.000000,28.226482,1.747110,1.571664,-17.832038,0
2018-04-10,sz.002662,5.9600,5.9600,5.9600,5.9600,5.9600,0,0.0000,,0,0.000000,28.226482,1.747110,1.571664,-17.832038,0
2018-04-11,sz.002662,5.9600,5.9600,5.9600,5.9600,5.9600,0,0.0000,,0,0.000000,28.226482,1.747110,1.571664,-17.832038,0
2018-04-12,sz.002662,5.9600,5.9600,5.9600,5.9600,5.9600,0,0.0000,,0,0.000000,28.226482,1.747110,1.571664,-17.832038,0
2018-04-13,sz.002662,5.9600,5.9600,5.9600,5.9600,5.9600,0,0.0000,,0,0.000000,28.226482,1.747110,1.571664,-17.832038,0
2018-04-16,sz.002662,5.9600,5.9600,5.9600,5.9600,5.9600,0,0.0000,,0,0.000000,28.226482,1.747110,1.571664,-17.832038,0
2018-04-17,sz.002662,5.9600,5.9600,5.9600,5.9600,5.9600,0,0.0000,,0,0.000000,28.226482,1.747110,1.571664,-17.832038,0
2018-04-18,sz.002662,5.9600,5.9600,5.9600,5.9600,5.9600,0,0.0000,,0,0.000000,28.226482,1.747110,1.571664,-17.832038,0
2018-04-19,sz.002662,5.9600,5.9600,5.9600,5.9600,5.9600,0,0.0000,,0,0.000000,28.226482,1.747110,1.571664,-17.832038,0
2018-04-20,sz.002662,5.9600,5.9600,5.9600,5.9600,5.9600,0,0.0000,,0,0.000000,28.226482,1.747110,1.571664,-17.832038,0
2018-04-23,sz.002662,5.9600,5.9600,5.9600,5.9600,5.9600,0,0.0000,,0,0.000000,28.226482,1.747110,1.571664,-17.832038,0
2018-04-24,sz.002662,5.9600,5.9600,5.9600,5.9600,5.9600,0,0.0000,,0,0.000000,41.531737,1.749566,1.563957,-51.522122,0
2018-04-25,sz.002662,5.9600,5.9600,5.9600,5.9600,5.9600,0,0.0000,,0,0.000000,41.531737,1.749566,1.563957,-51.522122,0
2018-04-26,sz.002662,5.9600,5.9600,5.9600,5.9600,5.9600,0,0.0000,,0,0.000000,41.531737,1.749566,1.563957,-51.522122,0
2018-04-27,sz.002662,5.9600,5.9600,5.9600,5.9600,5.9600,0,0.0000,,0,0.000000,41.531737,1.749566,1.563957,-51.522122,0
2018-05-02,sz.002662,5.3600,5.5500,5.3600,5.3600,5.9600,16678966,89522685.1500,1.144511,1,-10.067110,37.350690,1.573435,1.406512,-46.335331,0
2018-05-03,sz.002662,5.0100,5.3500,4.9600,5.1500,5.3600,27580611,141059413.6300,1.892581,1,-3.917911,35.887323,1.511789,1.351406,-44.519954,0
2018-05-04,sz.002662,5.1600,5.2200,5.0800,5.1400,5.1500,9854281,50812751.7400,0.676201,1,-0.194179,35.817639,1.508854,1.348782,-44.433508,0
2018-05-07,sz.002662,5.2000,5.2000,5.0400,5.1400,5.1400,10059262,51402300.4800,0.690267,1,0.000000,35.817639,1.508854,1.348782,-44.433508,0
2018-05-08,sz.002662,5.1600,5.1800,5.0900,5.1000,5.1400,6736247,34517596.1000,0.462241,1,-0.778209,35.538902,1.497112,1.338285,-44.087722,0
2018-05-09,sz.002662,5.0900,5.1000,5.0100,5.0200,5.1000,7605881,38406848.6700,0.521916,1,-1.568626,34.981429,1.473628,1.317293,-43.396150,0
2018-05-10,sz.002662,5.0400,5.0600,4.9800,5.0000,5.0200,5522612,27683854.8300,0.378962,1,-0.398406,34.842061,1.467757,1.312045,-43.223256,0
2018-05-11,sz.002662,5.0000,5.0500,4.9600,4.9700,5.0000,5095999,25486804.9800,0.349687,1,-0.600004,34.633009,1.458950,1.304172,-42.963917,0
2018-05-14,sz.002662,4.8600,4.9300,4.6800,4.7500,4.9700,10689594,51354561.6600,0.733520,1,-4.426555,33.099958,1.394369,1.246442,-41.062094,0
2018-05-15,sz.002662,4.8200,4.8300,4.6900,4.8000,4.7500,6853126,32759739.6800,0.470261,1,1.052636,33.448379,1.409047,1.259563,-41.494326,0
2018-05-16,sz.002662,4.7900,4.8100,4.7100,4.7600,4.8000,5674496,27047810.4400,0.389384,1,-0.833333,33.169642,1.397304,1.249066,-41.148540,0
2018-05-17,sz.002662,4.7900,4.8000,4.7000,4.7800,4.7600,4988558,23742744.5600,0.342315,1,0.420168,33.309011,1.403175,1.254315,-41.321433,0
2018-05-18,sz.002662,4.7500,4.7700,4.7100,4.7600,4.7800,4564700,21617183.0000,0.313230,1,-0.418410,33.169642,1.397304,1.249066,-41.148540,0
2018-05-21,sz.002662,4.7900,4.9200,4.7600,4.8600,4.7600,10309265,49884779.2900,0.707422,1,2.100838,33.866483,1.426660,1.275307,-42.013005,0
2018-05-22,sz.002662,4.8600,4.8600,4.8000,4.8600,4.8600,5612267,27097047.9200,0.385114,1,0.000000,33.866483,1.426660,1.275307,-42.013005,0
2018-05-23,sz.002662,4.8200,4.9000,4.7600,4.7900,4.8600,7525100,36311714.0000,0.516372,1,-1.440333,33.378695,1.406111,1.256939,-41.407880,0
2018-05-24,sz.002662,4.7900,4.8100,4.5200,4.8100,4.7900,15076548,70565827.5000,1.034553,1,0.417536,33.518063,1.411982,1.262187,-41.580773,0
2018-05-25,sz.002662,4.8300,4.8300,4.6500,4.6700,4.8100,6699383,31568702.7800,0.459712,1,-2.910600,32.542485,1.370885,1.225450,-40.370522,0
2018-05-28,sz.002662,4.4400,4.5500,4.3600,4.3600,4.6700,10502419,46650784.9600,0.720676,1,-6.638114,30.382277,1.279884,1.144103,-37.690680,0
2018-05-29,sz.002662,4.3400,4.4200,4.1500,4.1600,4.3600,6507738,28046058.8700,0.446561,1,-4.587162,28.988595,1.221174,1.091621,-35.961749,0
2018-05-30,sz.002662,4.1900,4.2000,4.0100,4.1000,4.1600,8562398,35142108.8400,0.587552,1,-1.442306,28.570490,1.203561,1.075877,-35.443070,0
2018-05-31,sz.002662,4.1300,4.1700,4.0900,4.0900,4.1000,5044601,20807226.2500,0.346161,1,-0.243896,28.500806,1.200625,1.073252,-35.356624,0
2018-06-01,sz.002662,4.0500,4.1100,4.0100,4.0300,4.0900,5067200,20565092.0000,0.347711,1,-1.466991,28.082701,1.183012,1.057508,-34.837945,0
2018-06-04,sz.002662,4.0500,4.1200,4.0100,4.0400,4.0300,4094200,16619454.8800,0.280944,1,0.248133,28.152385,1.185947,1.060132,-34.924391,0
2018-06-05,sz.002662,4.0300,4.0700,3.9200,4.0000,4.0400,8146700,32461923.0000,0.559027,1,-0.990098,27.873649,1.174205,1.049636,-34.578605,0
2018-06-06,sz.002662,4.0300,4.0600,3.9900,4.0200,4.0000,5389700,21712695.0000,0.369841,1,0.499999,28.013017,1.180076,1.054884,-34.751498,0
2018-06-07,sz.002662,4.0400,4.1500,4.0200,4.1200,4.0200,8726133,35789121.6300,0.598787,1,2.487560,28.709858,1.209432,1.081125,-35.615963,0
2018-06-08,sz.002662,4.1000,4.1000,3.9900,4.0600,4.1200,5141132,20793110.3200,0.352784,1,-1.456309,28.291754,1.191818,1.065380,-35.097284,0
2018-06-11,sz.002662,4.0800,4.1500,4.0700,4.1300,4.0600,4443842,18270481.2800,0.304936,1,1.724142,28.779543,1.212367,1.083749,-35.702410,0
2018-06-12,sz.002662,4.1200,4.1300,4.0600,4.1000,4.1300,3453600,14099515.0000,0.236986,1,-0.726397,28.570490,1.203561,1.075877,-35.443070,0
2018-06-13,sz.002662,4.1100,4.1100,3.9500,3.9500,4.1000,4784000,19164421.0000,0.328278,1,-3.658533,27.525228,1.159528,1.036515,-34.146373,0
2018-06-14,sz.002662,3.9200,4.0200,3.9200,3.9600,3.9500,2963600,11760213.0000,0.203362,1,0.253164,27.594912,1.162463,1.039139,-34.232819,0
2018-06-15,sz.002662,3.9500,3.9500,3.5900,3.6800,3.9000,5803017,21738112.7100,0.398203,1,-5.641026,25.643757,1.080269,0.965665,-31.812317,0
2018-06-19,sz.002662,3.6500,3.6500,3.3100,3.3100,3.6800,8599782,29321786.1800,0.590117,1,-10.054350,23.065445,0.971655,0.868574,-28.613796,0
2018-06-20,sz.002662,3.2600,3.3800,3.2600,3.3500,3.3100,5288716,17579528.3400,0.362912,1,1.208458,23.344181,0.983397,0.879070,-28.959582,0
2018-06-21,sz.002662,3.3800,3.3800,3.1800,3.1900,3.3500,5716052,18684356.5900,0.392235,1,-4.776115,22.229235,0.936429,0.837084,-27.576438,0
2018-06-22,sz.002662,3.1700,3.3700,3.0400,3.2900,3.1900,7541120,24564957.2800,0.517472,1,3.134793,22.926076,0.965784,0.863325,-28.440903,0
2018-06-25,sz.002662,3.3000,3.3800,3.2800,3.3100,3.2900,5952776,19851681.3800,0.408479,1,0.607902,23.065445,0.971655,0.868574,-28.613796,0
2018-06-26,sz.002662,3.2600,3.6400,3.2300,3.6400,3.3100,5893149,20919385.3600,0.404388,1,9.969793,25.365021,1.068527,0.955168,-31.466531,0
2018-06-27,sz.002662,3.7900,4.0000,3.7200,4.0000,3.6400,11990765,46624279.6200,0.822806,1,9.890107,27.873649,1.174205,1.049636,-34.578605,0
2018-06-28,sz.002662,4.2900,4.3000,3.8600,3.9000,4.0000,29611702,121408738.4500,2.031955,1,-2.499998,27.176808,1.144850,1.023395,-33.714140,0
2018-06-29,sz.002662,3.8500,4.2900,3.7600,4.2000,3.9000,36339749,150158996.1700,2.493634,1,7.692300,29.267331,1.232916,1.102117,-36.307535,0
2018-07-02,sz.002662,4.0900,4.1400,4.0000,4.0200,4.2000,23212927,94217183.4200,1.592871,1,-4.285710,28.013017,1.180076,1.054884,-34.751498,0
2018-07-03,sz.002662,3.9600,4.0300,3.8100,3.9800,4.0200,20223671,79069935.3800,1.387748,1,-0.995024,27.734281,1.168334,1.044387,-34.405712,0
2018-07-04,sz.002662,3.8400,3.9300,3.8100,3.8800,3.9800,11627128,44957571.8400,0.797854,1,-2.512560,27.037440,1.138979,1.018147,-33.541247,0
2018-07-05,sz.002662,3.8800,3.9400,3.7900,3.8000,3.8800,9076608,34981186.2800,0.622837,1,-2.061860,26.479967,1.115495,0.997154,-32.849675,0
2018-07-06,sz.002662,3.8200,3.8500,3.4200,3.5600,3.8000,17009344,60843471.3700,1.167181,1,-6.315790,24.807548,1.045043,0.934176,-30.774959,0
2018-07-09,sz.002662,3.5500,3.6900,3.5300,3.6100,3.5600,9220871,33135350.6500,0.632736,1,1.404493,25.155968,1.059720,0.947296,-31.207191,0
2018-07-10,sz.002662,3.6300,3.6700,3.5100,3.5600,3.6100,9257481,33077593.2300,0.635248,1,-1.385040,24.807548,1.045043,0.934176,-30.774959,0
2018-07-11,sz.002662,3.5000,3.5000,3.3100,3.4500,3.5600,9535714,32493292.3500,0.654341,1,-3.089885,24.041022,1.012752,0.905311,-29.824047,0
2018-07-12,sz.002662,3.4300,3.8000,3.4000,3.8000,3.4500,9442037,34165655.7400,0.647913,1,10.144920,26.479967,1.115495,0.997154,-32.849675,0
2018-07-13,sz.002662,3.9900,4.1800,3.9800,4.1800,3.8000,4822002,19988148.3600,0.330886,1,9.999997,29.127963,1.227045,1.096869,-36.134642,0
2018-07-16,sz.002662,4.6000,4.6000,4.4800,4.6000,4.1800,19537133,89592005.8800,1.340638,1,10.047850,32.054696,1.350336,1.207081,-39.765396,0
2018-07-17,sz.002662,4.6900,5.0600,4.5000,4.8200,4.6000,73136577,349254420.3500,5.018632,1,4.782615,33.587747,1.414918,1.264811,-41.667219,0
2018-07-18,sz.002662,4.6300,5.1900,4.5600,4.9500,4.8200,67286993,331343006.5100,4.617233,1,2.697088,34.493641,1.453079,1.298924,-42.791024,0
2018-07-19,sz.002662,4.6000,4.7000,4.4600,4.4600,4.9500,45555180,206372067.7800,3.125996,1,-9.898986,31.079119,1.309239,1.170344,-38.555145,0
2018-07-20,sz.002662,4.1800,4.4000,4.1000,4.2700,4.4600,39895602,168751421.0000,2.737636,1,-4.260091,29.755120,1.253464,1.120486,-36.912661,0
2018-07-23,sz.002662,4.2800,4.3700,4.1900,4.2500,4.2700,27257382,116415847.2500,1.870402,1,-0.468384,29.615752,1.247593,1.115238,-36.739768,0
2018-07-24,sz.002662,4.2300,4.2900,4.1200,4.2600,4.2500,24688109,104233063.1500,1.694098,1,0.235299,29.685436,1.250529,1.117862,-36.826215,0
2018-07-25,sz.002662,4.2100,4.2900,4.1800,4.2300,4.2600,22122764,93846267.2300,1.518064,1,-0.704230,29.476384,1.241722,1.109990,-36.566875,0
2018-07-26,sz.002662,4.2400,4.4300,4.1700,4.3800,4.2300,37629873,162026077.0700,2.582162,1,3.546102,30.521646,1.285755,1.149351,-37.863573,0
2018-07-27,sz.002662,4.2800,4.3100,4.1800,4.1900,4.3800,21017071,89292835.7000,1.442191,1,-4.337901,29.197647,1.229980,1.099493,-36.221089,0
2018-07-30,sz.002662,4.1800,4.2200,3.9600,4.0400,4.1900,17628582,71557517.3900,1.209673,1,-3.579954,28.152385,1.185947,1.060132,-34.924391,0
2018-07-31,sz.002662,4.0300,4.1100,4.0300,4.0600,4.0400,8992116,36649030.0600,0.617039,1,0.495049,28.291754,1.191818,1.065380,-35.097284,0
2018-08-01,sz.002662,4.1000,4.1600,3.9200,4.0000,4.0600,10157189,41020802.6400,0.696986,1,-1.477831,27.873649,1.174205,1.049636,-34.578605,0
2018-08-02,sz.002662,3.9700,4.0000,3.7000,3.9100,4.0000,11883909,45582937.7000,0.815474,1,-2.249998,27.246492,1.147786,1.026019,-33.800587,0
2018-08-03,sz.002662,3.8200,3.8800,3.7400,3.7400,3.9100,6832649,26087831.2400,0.468856,1,-4.347828,26.061862,1.097882,0.981409,-32.330996,0
2018-08-06,sz.002662,3.7900,3.8300,3.5200,3.6000,3.7400,9831642,36143715.5600,0.674647,1,-3.743319,25.086284,1.056785,0.944672,-31.120745,0
2018-08-07,sz.002662,3.6000,3.7800,3.5500,3.7700,3.6000,12769220,47027160.8000,0.876224,1,4.722225,26.270914,1.106689,0.989282,-32.590335,0
2018-08-08,sz.002662,3.7400,3.9400,3.6500,3.7100,3.7700,13711703,52170125.2900,0.940897,1,-1.591511,25.852809,1.089076,0.973537,-32.071656,0
2018-08-09,sz.002662,3.6800,3.8700,3.6400,3.8100,3.7100,12481379,47138804.8000,0.856472,1,2.695415,26.549651,1.118431,0.999778,-32.936121,0
2018-08-10,sz.002662,3.7600,3.8900,3.7600,3.8800,3.8100,9528809,36547601.2100,0.653867,1,1.837275,27.037440,1.138979,1.018147,-33.541247,0
2018-08-13,sz.002662,3.8100,3.8900,3.7600,3.8500,3.8800,8823061,33856043.9700,0.605438,1,-0.773201,26.828387,1.130173,1.010274,-33.281908,0
2018-08-14,sz.002662,3.8300,3.8800,3.8100,3.8700,3.8500,8482600,32652805.0000,0.582076,1,0.519480,26.967755,1.136044,1.015523,-33.454801,0
2018-08-15,sz.002662,3.8500,3.9000,3.7000,3.7500,3.8700,8367865,31768543.2400,0.574203,1,-3.100772,26.131546,1.100818,0.984033,-32.417442,0
2018-08-16,sz.002662,3.7400,3.7800,3.6300,3.7000,3.7500,6772960,25192419.2200,0.464761,1,-1.333332,25.783125,1.086140,0.970913,-31.985210,0
2018-08-17,sz.002662,3.7400,3.7700,3.5600,3.5900,3.7000,6465797,23840461.4600,0.443683,1,-2.972976,25.016600,1.053849,0.942048,-31.034298,0
2018-08-20,sz.002662,3.6400,3.9500,3.5900,3.9500,3.5900,13821022,54081969.9000,0.948399,1,10.027860,27.525228,1.159528,1.036515,-34.146373,0
2018-08-21,sz.002662,4.3000,4.3500,4.1000,4.3500,3.9500,22593692,96673397.5500,1.548604,1,10.126580,16.681259,1.248489,1.093157,-102.434071,0
2018-08-22,sz.002662,4.4400,4.6700,4.2600,4.2800,4.3500,57449794,255093696.7700,3.937692,1,-1.609189,16.412825,1.228399,1.075566,-100.785707,0
2018-08-23,sz.002662,4.2300,4.3200,4.1500,4.2000,4.2800,30572044,128973139.5300,2.095452,1,-1.869168,16.106044,1.205438,1.055462,-98.901862,0
2018-08-24,sz.002662,4.2000,4.3700,4.1000,4.1000,4.2000,29443153,125101203.4200,2.018077,1,-2.380950,15.722566,1.176737,1.030332,-96.547056,0
2018-08-27,sz.002662,4.0800,4.2600,4.0800,4.1800,4.1000,21843935,91178555.7500,1.497215,1,1.951218,16.029348,1.199698,1.050436,-98.430901,0
2018-08-28,sz.002662,4.1900,4.2300,4.0800,4.1200,4.1800,18049014,74570793.0500,1.237106,1,-1.435405,15.799262,1.182477,1.035358,-97.018017,0
2018-08-29,sz.002662,4.1500,4.4000,4.1400,4.2700,4.1200,30418393,129857496.6700,2.084921,1,3.640779,16.374478,1.225529,1.073053,-100.550226,0
2018-08-30,sz.002662,4.2500,4.7000,4.2200,4.5600,4.2700,69607949,317073912.0200,4.771030,1,6.791569,17.486562,1.308761,1.145930,-107.379164,0
2018-08-31,sz.002662,4.4400,4.4900,4.1600,4.1700,4.5600,48076333,206079062.6200,3.295222,1,-8.552629,15.991000,1.196828,1.047923,-98.195420,0
2018-09-03,sz.002662,4.1900,4.2700,4.1100,4.2600,4.1700,22481740,94711890.9100,1.540931,1,2.158277,16.336130,1.222658,1.070540,-100.314746,0
2018-09-04,sz.002662,4.2900,4.2900,4.1400,4.2400,4.2600,21344143,90051595.2200,1.462959,1,-0.469494,16.259434,1.216918,1.065514,-99.843784,0
2018-09-05,sz.002662,4.2200,4.3200,4.1700,4.1900,4.2400,18660470,79371781.0300,1.279016,1,-1.179239,16.067696,1.202568,1.052949,-98.666381,0
2018-09-06,sz.002662,4.1500,4.2200,4.0300,4.1000,4.1900,15332341,63226789.3600,1.050901,1,-2.147975,15.722566,1.176737,1.030332,-96.547056,0
2018-09-07,sz.002662,4.1100,4.1700,4.0400,4.1500,4.1000,13859490,56954409.1000,0.949950,1,1.219517,15.914305,1.191087,1.042897,-97.724459,0
2018-09-10,sz.002662,4.1500,4.1500,4.0100,4.0200,4.1500,10704417,43481761.1900,0.733696,1,-3.132533,15.415785,1.153776,1.010228,-94.663211,0
2018-09-11,sz.002662,3.9900,4.1800,3.9600,4.1100,4.0200,12187084,49775014.3600,0.835320,1,2.238810,15.760914,1.179607,1.032845,-96.782536,0
2018-09-12,sz.002662,4.1400,4.1500,4.0500,4.1100,4.1100,9341576,38372621.3600,0.640285,1,0.000000,15.760914,1.179607,1.032845,-96.782536,0
2018-09-13,sz.002662,4.1500,4.1800,4.0400,4.1200,4.1100,11749349,48083158.1800,0.805317,1,0.243303,15.799262,1.182477,1.035358,-97.018017,0
2018-09-14,sz.002662,4.1500,4.3800,4.1400,4.1900,4.1200,29830026,126736948.8700,2.044593,1,1.699033,16.067696,1.202568,1.052949,-98.666381,0
2018-09-17,sz.002662,4.0600,4.1200,4.0200,4.0200,4.1900,16241159,65767359.6500,1.113193,1,-4.057281,15.415785,1.153776,1.010228,-94.663211,0
2018-09-18,sz.002662,3.9500,4.0800,3.9400,4.0600,4.0200,13078537,52492102.3200,0.896422,1,0.995024,15.569175,1.165257,1.020280,-95.605133,0
2018-09-19,sz.002662,4.0700,4.2300,4.0200,4.1300,4.0600,19094964,78783339.3300,1.308797,1,1.724142,15.837610,1.185347,1.037871,-97.253497,0
2018-09-20,sz.002662,4.1600,4.2500,4.1000,4.2000,4.1300,17346639,72369669.1200,1.188964,1,1.694908,16.106044,1.205438,1.055462,-98.901862,0
2018-09-21,sz.002662,4.1700,4.2500,4.1300,4.2400,4.2000,19105244,80368050.5700,1.309501,1,0.952380,16.259434,1.216918,1.065514,-99.843784,0
2018-09-25,sz.002662,4.2200,4.3400,4.1900,4.2500,4.2400,19681935,84211461.6000,1.349028,1,0.235854,16.297782,1.219788,1.068027,-100.079265,0
2018-09-26,sz.002662,4.2500,4.2900,4.1800,4.2300,4.2500,19166910,81147614.0800,1.313728,1,-0.470588,16.221087,1.214048,1.063001,-99.608304,0
2018-09-27,sz.002662,4.2400,4.3200,4.1600,4.1700,4.2300,19308324,81922771.3900,1.323421,1,-1.418438,15.991000,1.196828,1.047923,-98.195420,0
2018-09-28,sz.002662,4.1900,4.2100,4.1100,4.1500,4.1700,10920789,45498503.4800,0.748527,1,-0.479616,15.914305,1.191087,1.042897,-97.724459,0
2018-10-08,sz.002662,4.0800,4.1400,4.0100,4.0200,4.1500,9469757,38703297.5800,0.649071,1,-3.132533,15.415785,1.153776,1.010228,-94.663211,0
2018-10-09,sz.002662,4.0500,4.1100,3.9800,4.0500,4.0200,7705766,31154785.1000,0.528164,1,0.746274,15.530828,1.162387,1.017767,-95.369652,0
2018-10-10,sz.002662,4.0500,4.0800,4.0100,4.0700,4.0500,6102098,24684669.3400,0.418247,1,0.493827,15.607523,1.168127,1.022793,-95.840614,0
2018-10-11,sz.002662,4.0000,4.0000,3.6600,3.6600,4.0700,16379907,61070231.3200,1.122703,1,-10.073710,14.035267,1.050453,0.919760,-86.185908,0
2018-10-12,sz.002662,3.5400,3.6500,3.3000,3.5600,3.6600,15779915,54657289.2600,1.081578,1,-2.732244,13.651789,1.021752,0.894630,-83.831102,0
2018-10-15,sz.002662,3.5800,3.6200,3.4200,3.4300,3.5600,8103296,28533824.3800,0.555412,1,-3.651682,13.153269,0.984441,0.861961,-80.769854,0
2018-10-16,sz.002662,3.4400,3.5100,3.3800,3.4300,3.4300,7182307,24654205.9100,0.492286,1,0.000000,13.153269,0.984441,0.861961,-80.769854,0
2018-10-17,sz.002662,3.4800,3.5300,3.4200,3.5300,3.4300,8310384,28871210.7300,0.569606,1,2.915449,13.536746,1.013142,0.887091,-83.124660,0
2018-10-18,sz.002662,3.5100,3.5300,3.3800,3.4000,3.5300,7872444,27243527.2000,0.539589,1,-3.682716,13.038226,0.975831,0.854422,-80.063412,0
2018-10-19,sz.002662,3.3600,3.5700,3.3500,3.5600,3.4000,10455747,36406506.7400,0.716652,1,4.705878,13.651789,1.021752,0.894630,-83.831102,0
2018-10-22,sz.002662,3.5700,3.7700,3.5300,3.7100,3.5600,13325694,48928329.0500,0.913362,1,4.213486,14.227005,1.064804,0.932325,-87.363311,0
2018-10-23,sz.002662,3.7100,3.8600,3.6600,3.7300,3.7100,15893098,59839165.0300,1.089336,1,0.539083,14.303701,1.070544,0.937351,-87.834273,0
2018-10-24,sz.002662,3.7500,3.8300,3.6800,3.7900,3.7300,10686222,40194413.8700,0.732449,1,1.608578,14.533787,1.087764,0.952429,-89.247156,0
2018-10-25,sz.002662,3.6100,3.7200,3.5400,3.6900,3.7900,12550510,45756075.8600,0.860230,1,-2.638520,6.422582,1.042871,0.935446,-22.238167,0
2018-10-26,sz.002662,3.7500,3.7800,3.7000,3.7100,3.6900,10054118,37599102.3000,0.689124,1,0.542005,6.457392,1.048523,0.940516,-22.358699,0
2018-10-29,sz.002662,3.7100,3.7600,3.6800,3.7200,3.7100,7108158,26438056.0800,0.487203,1,0.269541,6.474798,1.051349,0.943051,-22.418965,0
2018-10-30,sz.002662,3.7400,3.8300,3.6700,3.7800,3.7200,11770976,44254745.4500,0.806800,1,1.612902,6.579230,1.068306,0.958261,-22.780561,0
2018-10-31,sz.002662,3.7900,3.9200,3.7700,3.8300,3.7800,10897956,41920190.5300,0.746962,1,1.322750,6.666257,1.082437,0.970937,-23.081891,0
2018-11-01,sz.002662,3.8700,3.8800,3.7900,3.8000,3.8300,11289020,43302174.8000,0.773766,1,-0.783289,6.614041,1.073959,0.963332,-22.901093,0
2018-11-02,sz.002662,3.8200,3.8800,3.7800,3.8400,3.8000,16618451,63723257.2700,1.139053,1,1.052631,6.683662,1.085264,0.973472,-23.142157,0
2018-11-05,sz.002662,3.8400,3.9200,3.8100,3.8900,3.8400,14728473,56987867.8600,1.009511,1,1.302088,6.770689,1.099395,0.986147,-23.443487,0
2018-11-06,sz.002662,3.8600,3.8800,3.6900,3.8200,3.8900,13346164,50609046.1100,0.914765,1,-1.799490,6.648851,1.079611,0.968402,-23.021625,0
2018-11-07,sz.002662,3.8000,3.9300,3.8000,3.9000,3.8200,17863426,69428682.0200,1.224385,1,2.094245,6.788094,1.102221,0.988682,-23.503753,0
2018-11-08,sz.002662,3.9400,3.9700,3.8100,3.8100,3.9000,11634022,44885445.4800,0.797413,1,-2.307696,6.631446,1.076785,0.965867,-22.961359,0
2018-11-09,sz.002662,3.8200,3.9100,3.8000,3.8500,3.8100,11497603,44446421.8800,0.788062,1,1.049868,6.701067,1.088090,0.976007,-23.202423,0
2018-11-12,sz.002662,3.8300,4.1400,3.8100,4.0600,3.8500,23088267,92133506.8600,1.582503,1,5.454546,7.066580,1.147440,1.029244,-24.468010,0
2018-11-13,sz.002662,3.9800,4.2100,3.9500,4.1300,4.0600,29791979,122065640.7000,2.041986,1,1.724142,7.188418,1.167224,1.046989,-24.889872,0
2018-11-14,sz.002662,4.1500,4.2000,4.0500,4.0900,4.1300,18415352,76043700.2400,1.262215,1,-0.968522,7.118796,1.155919,1.036849,-24.648808,0
2018-11-15,sz.002662,4.1100,4.1900,4.0800,4.1500,4.0900,17020699,70373841.2500,1.166623,1,1.466991,7.223229,1.172876,1.052059,-25.010404,0
2018-11-16,sz.002662,4.1900,4.2000,4.1100,4.1300,4.1500,14552749,60315780.3100,0.997467,1,-0.481927,7.188418,1.167224,1.046989,-24.889872,0
2018-11-19,sz.002662,4.1000,4.1500,4.0400,4.1300,4.1300,15037780,61586911.9100,1.030711,1,0.000000,7.188418,1.167224,1.046989,-24.889872,0
2018-11-20,sz.002662,4.1100,4.1600,4.0000,4.0000,4.1300,14819643,60361009.3800,1.015760,1,-3.147702,6.962148,1.130483,1.014033,-24.106414,0
2018-11-21,sz.002662,3.9000,4.0400,3.8400,4.0400,4.0000,11039576,43823305.4400,0.756669,1,0.999999,7.031769,1.141788,1.024174,-24.347478,0
2018-11-22,sz.002662,4.0400,4.2800,4.0200,4.1500,4.0400,24795838,102877111.1800,1.699543,1,2.722775,7.223229,1.172876,1.052059,-25.010404,0
2018-11-23,sz.002662,4.1500,4.1600,3.8500,3.8600,4.1500,15513184,61786817.4600,1.063296,1,-6.987956,6.718473,1.090916,0.978542,-23.262689,0
2018-11-26,sz.002662,3.8600,3.9100,3.8100,3.8600,3.8600,9392214,36270961.0400,0.643756,1,0.000000,6.718473,1.090916,0.978542,-23.262689,0
2018-11-27,sz.002662,3.8900,3.9200,3.8300,3.8800,3.8600,7599700,29498929.0000,0.520894,1,0.518140,6.753284,1.096568,0.983612,-23.383221,0
2018-11-28,sz.002662,3.9100,3.9100,3.7100,3.8700,3.8800,9498385,36279537.4000,0.651033,1,-0.257738,6.735878,1.093742,0.981077,-23.322955,0
2018-11-29,sz.002662,3.8800,3.9200,3.6500,3.6800,3.8700,10484991,39956018.6700,0.718657,1,-4.909556,6.405176,1.040044,0.932911,-22.177901,0
2018-11-30,sz.002662,3.6400,3.8700,3.6400,3.8500,3.6800,10506880,39409664.6200,0.720157,1,4.619561,6.701067,1.088090,0.976007,-23.202423,0
2018-12-03,sz.002662,3.9200,4.0300,3.8800,3.9700,3.8500,21560645,85468265.5500,1.477798,1,3.116887,6.909932,1.122004,1.006428,-23.925616,0
2018-12-04,sz.002662,4.0200,4.0900,3.9600,4.0200,3.9700,17824292,71520857.6000,1.221703,1,1.259445,6.996959,1.136135,1.019103,-24.226946,0
2018-12-05,sz.002662,3.9100,4.0700,3.8800,4.0200,4.0200,19223626,76571062.1400,1.317615,1,0.000000,6.996959,1.136135,1.019103,-24.226946,0
2018-12-06,sz.002662,3.9800,4.0100,3.8700,3.8700,4.0200,13275046,52163079.3100,0.909891,1,-3.731346,6.735878,1.093742,0.981077,-23.322955,0
2018-12-07,sz.002662,3.8900,3.9200,3.7600,3.8400,3.8700,9130900,35066317.0000,0.625845,1,-0.775193,6.683662,1.085264,0.973472,-23.142157,0
2018-12-10,sz.002662,3.8100,3.8900,3.7900,3.8200,3.8400,7885000,30303895.9800,0.540449,1,-0.520833,6.648851,1.079611,0.968402,-23.021625,0
2018-12-11,sz.002662,3.8700,3.8800,3.8200,3.8500,3.8200,6934371,26713585.3100,0.475292,1,0.785340,6.701067,1.088090,0.976007,-23.202423,0
2018-12-12,sz.002662,3.8800,4.2400,3.8600,4.2400,3.8500,39074392,161300300.8100,2.678216,1,10.129870,7.379877,1.198312,1.074875,-25.552799,0
2018-12-13,sz.002662,4.2900,4.5500,4.2000,4.2200,4.2400,75854331,329762015.2700,5.199166,1,-0.471698,7.345066,1.192659,1.069805,-25.432267,0
2018-12-14,sz.002662,4.1400,4.3800,4.1400,4.2500,4.2200,51309050,218099403.9800,3.516797,1,0.710905,7.397282,1.201138,1.077410,-25.613065,0
2018-12-17,sz.002662,4.2100,4.4300,4.2100,4.3100,4.2500,44324831,191757098.0800,3.038088,1,1.411763,7.501714,1.218095,1.092621,-25.974661,0
2018-12-18,sz.002662,4.2300,4.3400,4.1100,4.3100,4.3100,25555593,108108805.6800,1.751617,1,0.000000,7.501714,1.218095,1.092621,-25.974661,0
2018-12-19,sz.002662,4.2600,4.2800,4.1300,4.1600,4.3100,19568916,82052366.7500,1.341282,1,-3.480281,7.240634,1.175702,1.054595,-25.070670,0
2018-12-20,sz.002662,4.2200,4.3700,4.1800,4.3300,4.1600,31509624,134563827.2700,2.159715,1,4.086540,7.536525,1.223748,1.097691,-26.095193,0
2018-12-21,sz.002662,4.2800,4.3000,4.1700,4.2000,4.3300,20436554,86198501.1800,1.400751,1,-3.002312,7.310255,1.187007,1.064735,-25.311734,0
2018-12-24,sz.002662,4.2200,4.2300,4.0500,4.1500,4.2000,21324411,87505307.8500,1.461606,1,-1.190469,7.223229,1.172876,1.052059,-25.010404,0
2018-12-25,sz.002662,4.0500,4.0700,3.8600,4.0100,4.1500,21904990,86968408.8000,1.501400,1,-3.373491,6.979553,1.133309,1.016568,-24.166680,0
2018-12-26,sz.002662,4.0100,4.0600,3.9300,3.9300,4.0100,12313996,48917029.5600,0.844019,1,-1.995016,6.840310,1.110699,0.996288,-23.684552,0
2018-12-27,sz.002662,4.0200,4.0300,3.8000,3.8000,3.9300,12653156,49533771.0300,0.867266,1,-3.307891,6.614041,1.073959,0.963332,-22.901093,0
2018-12-28,sz.002662,3.8300,3.8500,3.7400,3.7700,3.8000,10745354,40745638.0400,0.736502,1,-0.789473,6.561824,1.065480,0.955726,-22.720295,0
2019-01-02,sz.002662,3.7700,3.8000,3.7300,3.7600,3.7700,7684400,28955974.0000,0.526700,1,-0.265252,6.544419,1.062654,0.953191,-22.660029,0
2019-01-03,sz.002662,3.7500,3.8300,3.7400,3.7800,3.7600,10720276,40697321.8000,0.734783,1,0.531914,6.579230,1.068306,0.958261,-22.780561,0
2019-01-04,sz.002662,3.7200,3.9200,3.7200,3.9000,3.7800,12760278,49241450.4900,0.874608,1,3.174606,6.788094,1.102221,0.988682,-23.503753,0
2019-01-07,sz.002662,3.9200,3.9600,3.8500,3.9500,3.9000,14789414,57906252.2100,1.013688,1,1.282050,6.875121,1.116352,1.001358,-23.805084,0
2019-01-08,sz.002662,3.9200,4.0600,3.9200,3.9900,3.9500,15269212,60845414.1000,1.046574,1,1.012657,6.944743,1.127657,1.011498,-24.046148,0
2019-01-09,sz.002662,4.0400,4.2300,3.9900,4.0200,3.9900,27027719,110903417.3900,1.852519,1,0.751879,6.996959,1.136135,1.019103,-24.226946,0
2019-01-10,sz.002662,4.0000,4.0400,3.9400,3.9600,4.0200,14667108,58432595.8800,1.005305,1,-1.492536,6.892527,1.119178,1.003893,-23.865350,0
2019-01-11,sz.002662,3.9400,4.1200,3.9400,4.1200,3.9600,23848580,97087637.9100,1.634616,1,4.040401,7.171012,1.164397,1.044454,-24.829606,0
2019-01-14,sz.002662,4.1200,4.2800,4.0600,4.2500,4.1200,35469907,148724879.9100,2.431159,1,3.155343,7.397282,1.201138,1.077410,-25.613065,0
2019-01-15,sz.002662,4.3000,4.3000,4.0900,4.1900,4.2500,27173000,113677072.6900,1.862477,1,-1.411763,7.292850,1.184181,1.062200,-25.251468,0
2019-01-16,sz.002662,4.1600,4.2200,4.1300,4.1700,4.1900,15093755,62894902.2500,1.034548,1,-0.477326,7.258039,1.178528,1.057130,-25.130936,0
2019-01-17,sz.002662,4.1700,4.1700,4.0800,4.1200,4.1700,14767163,60760716.7800,1.012163,1,-1.199045,7.171012,1.164397,1.044454,-24.829606,0
2019-01-18,sz.002662,4.2200,4.4700,4.1800,4.2100,4.1200,36024413,154924882.2600,2.469166,1,2.184470,7.327661,1.189833,1.067270,-25.372001,0
2019-01-21,sz.002662,4.1400,4.4500,4.1100,4.3700,4.2100,40811394,175179948.0700,2.797272,1,3.800472,7.606147,1.235053,1.107831,-26.336257,0
2019-01-22,sz.002662,4.3200,4.3900,4.2500,4.3400,4.3700,29110913,125813721.5700,1.995304,1,-0.686493,7.553931,1.226574,1.100226,-26.155459,0
2019-01-23,sz.002662,4.2900,4.7700,4.2700,4.7700,4.3400,73224003,338317412.9400,5.018880,1,9.907829,8.302361,1.348101,1.209235,-28.746898,0
2019-01-24,sz.002662,4.6500,4.7200,4.5200,4.5700,4.7700,61708929,284345413.9900,4.229620,1,-4.192868,7.954254,1.291577,1.158533,-27.541578,0
2019-01-25,sz.002662,4.5700,4.6100,4.4300,4.4800,4.5700,38091445,172537710.5400,2.610843,1,-1.969369,7.797606,1.266141,1.135717,-26.999183,0
2019-01-28,sz.002662,4.5800,4.6700,4.3900,4.4600,4.4800,28488902,128222837.6600,1.952671,1,-0.446428,7.762795,1.260488,1.130647,-26.878651,0
2019-01-29,sz.002662,4.4100,4.4300,4.1800,4.3000,4.4600,24622410,105462272.6300,1.687656,1,-3.587440,7.484309,1.215269,1.090086,-25.914395,0
2019-01-30,sz.002662,4.0100,4.0700,3.8700,3.8700,4.3000,41901044,164561186.3800,2.871958,1,-10.000010,6.735878,1.093742,0.981077,-23.322955,0
2019-01-31,sz.002662,3.8500,3.9400,3.7700,3.8200,3.8700,15798385,60956840.7000,1.082844,1,-1.291988,6.648851,1.079611,0.968402,-23.021625,0
2019-02-01,sz.002662,3.8600,3.9800,3.8200,3.9800,3.8200,14672347,57455198.3000,1.005664,1,4.188484,6.927337,1.124831,1.008963,-23.985882,0
2019-02-11,sz.002662,3.9700,4.1200,3.9600,4.1100,3.9800,16302245,66291030.4100,1.117380,1,3.266335,7.153607,1.161571,1.041919,-24.769340,0
2019-02-12,sz.002662,4.1000,4.1500,4.0700,4.1400,4.1100,16411192,67505241.2800,1.124847,1,0.729920,7.205823,1.170050,1.049524,-24.950138,0
2019-02-13,sz.002662,4.1300,4.2400,4.0900,4.2200,4.1400,21669425,90467363.6400,1.485254,1,1.932365,7.345066,1.192659,1.069805,-25.432267,0
2019-02-14,sz.002662,4.2000,4.2900,4.1700,4.2100,4.2200,16459675,69818137.0600,1.128170,1,-0.236961,7.327661,1.189833,1.067270,-25.372001,0
2019-02-15,sz.002662,4.2000,4.2700,4.1800,4.2500,4.2100,17331900,73409737.3000,1.187954,1,0.950118,7.397282,1.201138,1.077410,-25.613065,0
2019-02-18,sz.002662,4.2700,4.4100,4.2500,4.3900,4.2500,25698188,111810925.4600,1.761391,1,3.294114,7.640957,1.240705,1.112901,-26.456789,0
2019-02-19,sz.002662,4.4100,4.4700,4.2800,4.3800,4.3900,26552657,116220220.8900,1.819958,1,-0.227785,7.623552,1.237879,1.110366,-26.396523,0
2019-02-20,sz.002662,4.3600,4.4600,4.3100,4.4300,4.3800,22380862,98140518.9100,1.534017,1,1.141546,7.710579,1.252010,1.123042,-26.697853,0
2019-02-21,sz.002662,4.4000,4.4500,4.3000,4.3200,4.4300,28168639,123575474.5000,1.930719,1,-2.483062,7.519120,1.220922,1.095156,-26.034927,0
2019-02-22,sz.002662,4.3100,4.4200,4.2500,4.4000,4.3200,23786983,103255925.4400,1.630394,1,1.851850,7.658363,1.243531,1.115437,-26.517055,0
2019-02-25,sz.002662,4.4100,4.6300,4.4000,4.6100,4.4000,39523193,178507978.6600,2.708977,1,4.772728,8.023876,1.302882,1.168673,-27.782642,0
2019-02-26,sz.002662,4.6200,4.8300,4.5300,4.6900,4.6100,47088003,220215439.2400,3.227480,1,1.735356,8.163119,1.325491,1.188954,-28.264770,0
2019-02-27,sz.002662,4.6700,4.8800,4.5800,4.8300,4.6900,50330257,239020737.6700,3.449709,1,2.985072,8.406794,1.365058,1.224445,-29.108495,0
2019-02-28,sz.002662,4.6800,4.7400,4.5000,4.5300,4.8300,54523231,251221660.5100,3.737102,1,-6.211174,67.461445,1.280272,1.256689,-27.300514,0
2019-03-01,sz.002662,4.5400,4.6200,4.3800,4.5800,4.5300,41566113,187930213.1900,2.849002,1,1.103746,68.206052,1.294403,1.270560,-27.601844,0
2019-03-04,sz.002662,4.5800,4.7300,4.5100,4.5900,4.5800,48476781,223417761.1200,3.322669,1,0.218346,68.354974,1.297229,1.273334,-27.662110,0
2019-03-05,sz.002662,4.5300,4.7800,4.5100,4.7700,4.5900,50757309,237421143.3300,3.478980,1,3.921565,71.035561,1.348101,1.323269,-28.746898,0
2019-03-06,sz.002662,4.8000,5.0400,4.6500,4.9900,4.7700,63924223,310617697.8200,4.381459,1,4.612155,74.311834,1.410277,1.384300,-30.072751,0
2019-03-07,sz.002662,4.9300,5.1500,4.8800,5.0500,4.9900,54966340,275222583.3000,3.767473,1,1.202413,75.205364,1.427235,1.400945,-30.434347,0
2019-03-08,sz.002662,4.9800,5.0000,4.6900,4.7000,5.0500,45898206,223506086.7400,3.145930,1,-6.930701,69.993111,1.328317,1.303850,-28.325036,0
2019-03-11,sz.002662,4.7300,5.1700,4.7300,5.1700,4.7000,55418492,277355818.5500,3.798464,1,10.000010,76.992422,1.461149,1.434235,-31.157540,0
2019-03-12,sz.002662,5.2000,5.3400,5.0600,5.2700,5.1700,69636695,361250928.3600,4.773000,1,1.934234,78.481637,1.489411,1.461976,-31.760200,0
2019-03-13,sz.002662,5.2100,5.2200,4.9700,5.0100,5.2700,43420341,221688767.2900,2.976093,1,-4.933581,74.609677,1.415930,1.389848,-30.193283,0
2019-03-14,sz.002662,5.0000,5.1200,4.7100,4.9000,5.0100,33507875,162781654.0600,2.296678,1,-2.195611,72.971541,1.384842,1.359333,-29.530357,0
2019-03-15,sz.002662,4.9400,5.1500,4.9000,5.1400,4.9000,40547823,203617572.2100,2.779207,1,4.897954,76.545657,1.452671,1.425912,-30.976742,0
2019-03-18,sz.002662,5.2400,5.3200,5.1000,5.1600,5.1400,34804361,180046762.3400,2.385541,1,0.389105,76.843500,1.458323,1.431460,-31.097274,0
2019-03-19,sz.002662,5.1100,5.1400,5.0200,5.1000,5.1600,26110337,132313207.1000,1.789640,1,-1.162790,75.949971,1.441366,1.414815,-30.735678,0
2019-03-20,sz.002662,5.0700,5.1000,4.8500,5.0000,5.1000,24873456,123675612.9600,1.704863,1,-1.960783,74.460756,1.413104,1.387074,-30.133017,0
2019-03-21,sz.002662,4.9900,5.0700,4.9700,5.0000,5.0000,20405194,102405057.2100,1.398602,1,0.000000,74.460756,1.413104,1.387074,-30.133017,0
2019-03-22,sz.002662,5.0100,5.0300,4.8500,4.9700,5.0000,19011477,93835692.0200,1.303074,1,-0.600004,74.013991,1.404625,1.378752,-29.952219,0
2019-03-25,sz.002662,4.8800,4.9800,4.8100,4.8800,4.9700,15720224,77067027.3500,1.077487,1,-1.810859,72.673698,1.379189,1.353784,-29.409825,0
2019-03-26,sz.002662,4.9700,4.9700,4.7200,4.7400,4.8800,18789694,91029448.1400,1.287873,1,-2.868860,70.588797,1.339622,1.314946,-28.566100,0
2019-03-27,sz.002662,4.8400,4.8800,4.7600,4.8000,4.7400,14770817,70975452.8000,1.012413,1,1.265832,71.482326,1.356580,1.331591,-28.927697,0
2019-03-28,sz.002662,4.8100,5.0800,4.7500,4.9000,4.8000,28205271,139778681.4900,1.933230,1,2.083331,72.971541,1.384842,1.359333,-29.530357,0
2019-03-29,sz.002662,4.8800,5.0400,4.8100,5.0100,4.9000,30284878,150069972.2900,2.075770,1,2.244901,74.609677,1.415930,1.389848,-30.193283,0
2019-04-01,sz.002662,5.0600,5.2500,5.0400,5.1300,5.0100,38857524,199871126.4100,2.663351,1,2.395207,76.396736,1.449844,1.423138,-30.916476,0
2019-04-02,sz.002662,5.1600,5.2200,5.0400,5.1300,5.1300,34945295,179352761.7600,2.395201,1,0.000000,76.396736,1.449844,1.423138,-30.916476,0
2019-04-03,sz.002662,5.0800,5.5500,5.0500,5.3700,5.1300,63288635,337058081.6600,4.337895,1,4.678358,79.970852,1.517673,1.489717,-32.362860,0
2019-04-04,sz.002662,5.3500,5.4700,5.2400,5.4100,5.3700,53363650,284989122.8800,3.657622,1,0.744878,80.566538,1.528978,1.500814,-32.603925,0
2019-04-08,sz.002662,5.4300,5.4700,5.1100,5.3500,5.4100,45154700,239338460.8400,3.094969,1,-1.109056,79.673009,1.512021,1.484169,-32.242328,0
2019-04-09,sz.002662,5.3000,5.3400,5.1600,5.2900,5.3500,29978142,157256624.0500,2.054745,1,-1.121494,78.779480,1.495064,1.467524,-31.880732,0
2019-04-10,sz.002662,5.2300,5.6500,5.1700,5.3900,5.2900,55840646,302734739.5200,3.827399,1,1.890357,80.268695,1.523326,1.495266,-32.483393,0
2019-04-11,sz.002662,5.2800,5.5400,5.2000,5.2000,5.3900,46660011,250170581.6100,3.198145,1,-3.525047,77.439186,1.469628,1.442557,-31.338338,0
2019-04-12,sz.002662,5.1800,5.6500,5.1800,5.4700,5.2000,75155359,409731295.3300,5.151258,1,5.192307,81.460067,1.545935,1.517459,-32.965521,0
2019-04-15,sz.002662,5.3800,5.4300,5.0700,5.0900,5.4700,78216479,407490684.4900,5.361071,1,-6.946977,75.801050,1.438540,1.412041,-30.675412,0
2019-04-16,sz.002662,5.0400,5.1000,4.8100,5.0600,5.0900,38473761,190055442.5800,2.637048,1,-0.589395,75.354285,1.430061,1.403719,-30.494613,0
2019-04-17,sz.002662,5.0500,5.4600,4.9700,5.4600,5.0600,79509969,419759369.8600,5.449729,1,7.905140,81.311146,1.543109,1.514685,-32.905255,0
2019-04-18,sz.002662,5.5500,6.0100,5.4800,6.0100,5.4600,100933376,579629175.1400,6.918120,1,10.073260,89.501829,1.698551,1.667263,-36.219887,0
2019-04-19,sz.002662,6.4100,6.4500,5.7000,6.1200,6.0100,137173808,838849008.7200,9.402092,1,1.830277,91.139965,1.729639,1.697779,-36.882813,0
2019-04-22,sz.002662,6.0200,6.7300,5.8500,6.3900,6.1200,117809873,742809273.5300,8.074860,1,4.411765,95.160846,1.805946,1.772681,-38.509996,0
2019-04-23,sz.002662,6.3600,6.5000,5.7500,5.8300,6.3900,91265401,559015033.9300,6.255463,1,-8.763693,86.821241,1.647679,1.617328,-35.135098,0
2019-04-24,sz.002662,6.0200,6.1500,5.7800,6.0200,5.8300,58669294,353017784.1100,4.059313,1,3.259006,98.984061,1.759294,1.668832,-57.900360,0
2019-04-25,sz.002662,5.8100,5.9600,5.4200,5.4200,6.0200,60425139,343563603.7600,4.180799,1,-9.966776,409.698713,1.611351,1.620163,-41.567169,0
2019-04-26,sz.002662,5.3000,5.5400,5.1800,5.3000,5.4200,37558056,200402579.5000,2.598632,1,-2.214020,400.627893,1.575675,1.584292,-40.646863,0
2019-04-29,sz.002662,5.3100,5.3300,4.7700,4.7700,5.3000,41536764,203525973.9200,2.873918,1,-10.000000,360.565104,1.418107,1.425863,-36.582177,0
2019-04-30,sz.002662,4.5700,4.7800,4.3500,4.5700,4.7700,36495993,166916007.8500,2.525148,1,-4.192868,345.447070,1.358648,1.366078,-35.048333,0
2019-05-06,sz.002662,4.3500,4.3900,4.1100,4.1100,4.5700,25625814,107789615.5200,1.773043,1,-10.065650,310.675592,1.221891,1.228574,-31.520492,0
2019-05-07,sz.002662,4.1500,4.2400,4.0000,4.0900,4.1100,26102763,107617789.2500,1.806043,1,-0.486617,309.163789,1.215945,1.222595,-31.367107,0
2019-05-08,sz.002662,3.9400,4.2000,3.8600,4.0300,4.0900,26366625,106324097.6900,1.824300,1,-1.466991,304.628379,1.198107,1.204660,-30.906954,0
2019-05-09,sz.002662,4.0100,4.1400,4.0100,4.0300,4.0300,18660492,76047930.9100,1.291114,1,0.000000,304.628379,1.198107,1.204660,-30.906954,0
2019-05-10,sz.002662,4.1000,4.2200,3.9300,4.1500,4.0300,29101328,119936098.6500,2.013513,1,2.977664,313.699199,1.233783,1.240530,-31.827261,0
2019-05-13,sz.002662,4.1000,4.1600,4.0100,4.0500,4.1500,17214788,70122323.6400,1.191087,1,-2.409636,306.140182,1.204053,1.210638,-31.060339,0
2019-05-14,sz.002662,4.0800,4.0900,3.9800,4.0200,4.0500,15428338,62237361.1500,1.067483,1,-0.740746,303.872477,1.195135,1.201671,-30.830262,0
2019-05-15,sz.002662,4.0700,4.1600,4.0300,4.1400,4.0200,21034774,86268028.4300,1.455390,1,2.985072,312.943297,1.230810,1.237541,-31.750568,0
2019-05-16,sz.002662,4.1200,4.2100,4.1100,4.1700,4.1400,18976386,78871125.1800,1.312971,1,0.724643,315.211002,1.239729,1.246509,-31.980645,0
2019-05-17,sz.002662,4.1200,4.1200,3.7500,3.7800,4.1700,47678645,184596608.5700,3.298873,1,-9.352520,285.730837,1.123783,1.129929,-28.989649,0
2019-05-20,sz.002662,3.7000,3.7300,3.4400,3.6700,3.7800,24120650,86984140.3300,1.668901,1,-2.910050,277.415918,1.091081,1.097047,-28.146035,0
2019-05-21,sz.002662,3.7200,3.8500,3.6600,3.8300,3.6700,20825942,78787238.5600,1.440941,1,4.359669,289.510345,1.138648,1.144875,-29.373110,0
2019-05-22,sz.002662,3.8400,3.8500,3.7200,3.7500,3.8300,13573300,51340882.4000,0.939133,1,-2.088771,283.463132,1.114864,1.120961,-28.759573,0
2019-05-23,sz.002662,3.7500,3.7700,3.6000,3.6600,3.7500,16219696,59616506.2200,1.122236,1,-2.399998,276.660017,1.088108,1.094058,-28.069343,0
2019-05-24,sz.002662,3.6600,3.7200,3.5900,3.6000,3.6600,12190248,44349564.4300,0.843440,1,-1.639349,272.124606,1.070270,1.076123,-27.609190,0
2019-05-27,sz.002662,3.6400,3.7600,3.5600,3.7500,3.6000,14446163,53442450.0300,0.999526,1,4.166669,283.463132,1.114864,1.120961,-28.759573,0
2019-05-28,sz.002662,3.7700,3.8200,3.7100,3.7200,3.7500,10638983,40135851.9400,0.736108,1,-0.799999,281.195427,1.105945,1.111994,-28.529496,0
2019-05-29,sz.002662,3.7200,3.7800,3.7100,3.7300,3.7200,9571538,35881027.6400,0.662252,1,0.268817,281.951328,1.108918,1.114983,-28.606188,0
2019-05-30,sz.002662,3.7600,3.7600,3.5800,3.6500,3.7300,12227397,44603082.0300,0.846010,1,-2.144770,275.904115,1.085135,1.091069,-27.992651,0
2019-05-31,sz.002662,3.6400,3.6900,3.5700,3.5800,3.6500,10121700,36722029.9600,0.700318,1,-1.917813,270.612803,1.064324,1.070144,-27.455806,0
2019-06-03,sz.002662,3.5800,3.6000,3.4600,3.5300,3.5800,11809072,41704646.6200,0.817067,1,-1.396647,266.833295,1.049459,1.055198,-27.072345,0
2019-06-04,sz.002662,3.5300,3.5300,3.4200,3.4400,3.5300,9054959,31419787.8300,0.626510,1,-2.549573,260.030180,1.022702,1.028295,-26.382115,0
2019-06-05,sz.002662,3.4700,3.5300,3.4000,3.4200,3.4400,9260168,32028741.9200,0.640709,1,-0.581395,258.518376,1.016756,1.022317,-26.228730,0
2019-06-06,sz.002662,3.4200,3.4200,3.2500,3.2700,3.4200,11926956,39508614.5900,0.825223,1,-4.385968,247.179851,0.972162,0.977478,-25.078347,0
2019-06-10,sz.002662,3.3000,3.4800,3.3000,3.4700,3.2700,14775208,50349061.0400,1.022293,1,6.116210,262.297885,1.031621,1.037263,-26.612191,0
2019-06-11,sz.002662,3.4700,3.5900,3.4100,3.5800,3.4700,14177768,49768273.9600,0.980956,1,3.170026,270.612803,1.064324,1.070144,-27.455806,0
2019-06-12,sz.002662,3.6000,3.6600,3.4800,3.4900,3.5800,19306927,68758918.5800,1.335841,1,-2.513964,263.809688,1.037567,1.043241,-26.765576,0
2019-06-13,sz.002662,3.5400,3.6000,3.4800,3.5900,3.4900,12259246,43634567.7200,0.848214,1,2.865327,271.368705,1.067297,1.073134,-27.532498,0
2019-06-14,sz.002662,3.5600,3.6000,3.4900,3.5000,3.5900,9750138,34459196.3600,0.674609,1,-2.506962,264.565590,1.040540,1.046231,-26.842268,0
2019-06-17,sz.002662,3.4700,3.5000,3.3900,3.4200,3.5000,9709900,33318398.0000,0.671825,1,-2.285712,258.518376,1.016756,1.022317,-26.228730,0
2019-06-18,sz.002662,3.4500,3.4800,3.3800,3.4100,3.4200,7455673,25510783.3900,0.515856,1,-0.292397,257.762474,1.013783,1.019327,-26.152038,0
2019-06-19,sz.002662,3.4800,3.5300,3.4200,3.4500,3.4100,10542465,36650536.5500,0.729430,1,1.173019,260.786081,1.025675,1.031284,-26.458807,0
2019-06-20,sz.002662,3.4600,3.5200,3.4000,3.4900,3.4500,11932665,41477276.6000,0.825618,1,1.159419,263.809688,1.037567,1.043241,-26.765576,0
2019-06-21,sz.002662,3.5200,3.6100,3.5200,3.5600,3.4900,17793573,63512607.1500,1.231133,1,2.005729,269.101000,1.058378,1.064166,-27.302421,0
2019-06-24,sz.002662,3.6100,3.6300,3.5500,3.5900,3.5600,12825472,45980289.9600,0.887391,1,0.842696,271.368705,1.067297,1.073134,-27.532498,0
2019-06-25,sz.002662,3.5700,3.6000,3.4800,3.5100,3.5900,12080618,42551209.0800,0.835855,1,-2.228410,265.321491,1.043513,1.049220,-26.918960,0
2019-06-26,sz.002662,3.5300,3.5500,3.4600,3.5000,3.5100,8575620,30143834.8000,0.593345,1,-0.284900,264.565590,1.040540,1.046231,-26.842268,0
2019-06-27,sz.002662,3.5300,3.5600,3.4900,3.5500,3.5000,12834222,45361127.1200,0.887996,1,1.428570,268.345098,1.055405,1.061177,-27.225729,0
2019-06-28,sz.002662,3.5500,3.5500,3.3800,3.4300,3.5500,10570050,36322001.5000,0.731339,1,-3.380279,259.274278,1.019729,1.025306,-26.305423,0
2019-07-01,sz.002662,3.4800,3.5500,3.4400,3.5500,3.4300,14727624,51781086.4400,1.019000,1,3.498539,268.345098,1.055405,1.061177,-27.225729,0
2019-07-02,sz.002662,3.5700,3.6400,3.5100,3.5400,3.5500,12769827,45499876.9200,0.883541,1,-0.281690,267.589196,1.052432,1.058187,-27.149037,0
2019-07-03,sz.002662,3.5600,3.5600,3.4700,3.4900,3.5400,9464523,33100734.7300,0.654848,1,-1.412428,263.809688,1.037567,1.043241,-26.765576,0
2019-07-04,sz.002662,3.5100,3.5100,3.4200,3.4500,3.4900,7288523,25275794.0400,0.504291,1,-1.146131,260.786081,1.025675,1.031284,-26.458807,0
2019-07-05,sz.002662,3.4500,3.4700,3.4100,3.4500,3.4500,6320720,21751594.6000,0.437329,1,0.000000,260.786081,1.025675,1.031284,-26.458807,0
2019-07-08,sz.002662,3.4000,3.4400,3.1800,3.1900,3.4500,20516678,66910517.4500,1.419544,1,-7.536232,241.132637,0.948378,0.953564,-24.464810,0
2019-07-09,sz.002662,3.2000,3.4400,3.1900,3.4000,3.1900,17542554,58098533.8400,1.213765,1,6.583073,257.006573,1.010810,1.016338,-26.075346,0
2019-07-10,sz.002662,3.4000,3.4600,3.3000,3.3200,3.4000,9924154,33316758.2800,0.686650,1,-2.352946,250.959359,0.987027,0.992424,-25.461808,0
2019-07-11,sz.002662,3.3300,3.3700,3.2700,3.2700,3.3200,7006154,23183309.1200,0.484754,1,-1.506023,247.179851,0.972162,0.977478,-25.078347,0
2019-07-12,sz.002662,3.2600,3.2800,3.2000,3.2200,3.2500,7736228,25001880.8800,0.535268,1,-0.923076,243.400342,0.957297,0.962532,-24.694887,0
2019-07-15,sz.002662,3.2400,3.2900,3.1300,3.2800,3.2200,9860706,31756743.5200,0.682260,1,1.863352,247.935753,0.975135,0.980467,-25.155040,0
2019-07-16,sz.002662,3.2600,3.3300,3.2600,3.3100,3.2800,8792902,28986929.5800,0.608379,1,0.914633,250.203458,0.984054,0.989435,-25.385116,0
2019-07-17,sz.002662,3.3100,3.3200,3.2500,3.2800,3.3100,6954145,22831791.2500,0.481155,1,-0.906344,247.935753,0.975135,0.980467,-25.155040,0
2019-07-18,sz.002662,3.2400,3.2500,3.1800,3.2000,3.2800,7093300,22740600.3300,0.490784,1,-2.439022,241.888539,0.951351,0.956554,-24.541502,0
2019-07-19,sz.002662,3.2100,3.3400,3.2100,3.2300,3.2000,12353990,40519572.1900,0.854769,1,0.937499,244.156244,0.960270,0.965521,-24.771579,0
2019-07-22,sz.002662,3.2100,3.2100,3.0900,3.1000,3.2300,11166972,35000056.7700,0.772640,1,-4.024771,234.329522,0.921621,0.926661,-23.774580,0
2019-07-23,sz.002662,3.1000,3.1200,3.0700,3.1100,3.1000,6830672,21088965.0000,0.472612,1,0.322580,235.085424,0.924594,0.929651,-23.851272,0
2019-07-24,sz.002662,3.1300,3.1900,3.1100,3.1400,3.1100,6968880,21964249.2000,0.482175,1,0.964637,237.353129,0.933513,0.938618,-24.081349,0
2019-07-25,sz.002662,3.1400,3.1500,3.0700,3.1100,3.1400,8945358,27829835.8000,0.618927,1,-0.955421,235.085424,0.924594,0.929651,-23.851272,0
2019-07-26,sz.002662,3.0900,3.1500,3.0700,3.1200,3.1100,6967400,21674577.5500,0.482100,1,0.321500,235.841326,0.927567,0.932640,-23.927965,0
2019-07-29,sz.002662,3.0900,3.1100,3.0500,3.0800,3.1200,5832380,17956548.8000,0.403541,1,-1.282050,232.817719,0.915675,0.920683,-23.621196,0
2019-07-30,sz.002662,3.0900,3.1100,3.0600,3.0800,3.0800,5640100,17383765.0000,0.390200,1,0.000000,232.817719,0.915675,0.920683,-23.621196,0
2019-07-31,sz.002662,3.0600,3.0800,2.9800,3.0100,3.0800,8672100,26158752.0000,0.600000,1,-2.272700,227.526407,0.894864,0.899758,-23.084350,0
2019-08-01,sz.002662,3.0100,3.0100,2.9700,3.0100,3.0100,5460958,16352342.0000,0.377800,1,0.000000,227.526407,0.894864,0.899758,-23.084350,0
2019-08-02,sz.002662,2.9700,2.9800,2.7900,2.8700,3.0100,15422216,44366342.6500,1.067100,1,-4.651200,216.943783,0.853243,0.857909,-22.010660,0
2019-08-05,sz.002662,2.8700,2.9100,2.8300,2.8500,2.8700,7865100,22596477.0000,0.544200,1,-0.696900,215.431980,0.847297,0.851931,-21.857275,0
2019-08-06,sz.002662,2.8100,2.8100,2.5900,2.7100,2.8500,14599077,39286366.3600,1.010100,1,-4.912300,204.849357,0.805675,0.810081,-20.783585,0
2019-08-07,sz.002662,2.7200,2.8400,2.7100,2.8100,2.7100,13353327,37171030.2000,0.923900,1,3.690000,212.408373,0.835405,0.839974,-21.550507,0
2019-08-08,sz.002662,2.8300,2.8400,2.7600,2.7800,2.8100,6745900,18840921.0000,0.466700,1,-1.067600,210.140668,0.826486,0.831006,-21.320430,0
2019-08-09,sz.002662,2.7800,2.8400,2.7000,2.7400,2.7800,6875100,19005505.4900,0.475700,1,-1.438800,207.117062,0.814594,0.819049,-21.013661,0
2019-08-12,sz.002662,2.7700,2.7700,2.6900,2.7300,2.7400,6585100,17915070.0000,0.455600,1,-0.365000,206.361160,0.811621,0.816060,-20.936969,0
2019-08-13,sz.002662,2.7100,2.7900,2.7000,2.7400,2.7300,5489900,15088720.0000,0.379800,1,0.366300,207.117062,0.814594,0.819049,-21.013661,0
2019-08-14,sz.002662,2.7800,2.8500,2.7600,2.7800,2.7400,9437600,26388631.0000,0.653000,1,1.459900,210.140668,0.826486,0.831006,-21.320430,0
2019-08-15,sz.002662,2.7300,2.7800,2.6600,2.7800,2.7800,7729100,21031663.0000,0.534800,1,0.000000,210.140668,0.826486,0.831006,-21.320430,0
2019-08-16,sz.002662,2.7800,2.7800,2.7200,2.7200,2.7800,8764000,24080932.0000,0.606400,1,-2.158300,205.605258,0.808648,0.813071,-20.860277,0
2019-08-19,sz.002662,2.7500,2.8000,2.7200,2.7800,2.7200,10748619,29748061.6200,0.743700,1,2.205900,210.140668,0.826486,0.831006,-21.320430,0
2019-08-20,sz.002662,2.8000,2.8300,2.7300,2.7700,2.7800,8761334,24399238.7400,0.606200,1,-0.359700,209.384767,0.823513,0.828017,-21.243738,0
2019-08-21,sz.002662,2.7600,2.7600,2.7100,2.7300,2.7700,6917987,18928976.2900,0.478700,1,-1.444000,206.361160,0.811621,0.816060,-20.936969,0
2019-08-22,sz.002662,2.7300,2.7400,2.6800,2.7300,2.7300,7732280,20995085.0000,0.535000,1,0.000000,206.361160,0.811621,0.816060,-20.936969,0
2019-08-23,sz.002662,2.7200,2.7900,2.7000,2.7600,2.7300,11160962,30613778.6400,0.765000,1,1.098900,-12.509941,0.836557,0.984404,-12.004197,0
2019-08-26,sz.002662,2.7000,2.9200,2.6900,2.8800,2.7600,23448992,66743861.1400,1.607200,1,4.347800,-13.053851,0.872929,1.027204,-12.526118,0
2019-08-27,sz.002662,2.9000,2.9200,2.8400,2.9100,2.8800,19345759,55837983.1200,1.326000,1,1.041700,-13.189829,0.882022,1.037904,-12.656599,0
2019-08-28,sz.002662,2.9300,3.0500,2.9300,2.9500,2.9100,19111545,56724421.8500,1.309900,1,1.374600,-13.371132,0.894146,1.052171,-12.830573,0
2019-08-29,sz.002662,2.9600,2.9600,2.8700,2.8800,2.9500,12135700,35287246.0000,0.831800,1,-2.372900,-13.053851,0.872929,1.027204,-12.526118,0
2019-08-30,sz.002662,2.8900,2.9200,2.7800,2.7900,2.8800,8680180,24679662.1000,0.595000,1,-3.125000,-12.645918,0.845650,0.995104,-12.134677,0
2019-09-02,sz.002662,2.7500,2.9900,2.7500,2.9500,2.7900,17723392,51553857.5200,1.214800,1,5.734800,-13.371132,0.894146,1.052171,-12.830573,0
2019-09-03,sz.002662,3.0000,3.0100,2.9000,2.9300,2.9500,12027600,35310847.4300,0.824400,1,-0.678000,-13.280481,0.888084,1.045037,-12.743586,0
2019-09-04,sz.002662,2.9300,2.9400,2.8700,2.9100,2.9300,8710353,25237424.2300,0.597000,1,-0.682600,-13.189829,0.882022,1.037904,-12.656599,0
2019-09-05,sz.002662,2.9400,2.9600,2.9100,2.9200,2.9100,11273880,33088827.0400,0.772700,1,0.343600,-13.235155,0.885053,1.041471,-12.700092,0
2019-09-06,sz.002662,2.9400,2.9500,2.8700,2.9100,2.9200,10167098,29554934.7700,0.696900,1,-0.342500,-13.189829,0.882022,1.037904,-12.656599,0
2019-09-09,sz.002662,2.9400,3.0900,2.9200,2.9900,2.9100,21342851,63827440.9200,1.462900,1,2.749100,-13.552436,0.906270,1.066438,-13.004546,0
2019-09-10,sz.002662,2.9900,3.0400,2.9300,3.0200,2.9900,15481298,46158666.1000,1.061100,1,1.003300,-13.688414,0.915363,1.077138,-13.135027,0
2019-09-11,sz.002662,3.0400,3.0800,2.9800,3.0100,3.0200,16242700,49125821.0100,1.113300,1,-0.331100,-13.643088,0.912332,1.073571,-13.091533,0
2019-09-12,sz.002662,3.0200,3.3100,3.0100,3.3100,3.0100,28129589,90755949.8000,1.928000,1,9.966800,-15.002864,1.003262,1.180571,-14.396337,0
2019-09-16,sz.002662,3.4000,3.6400,3.3400,3.4400,3.3100,89163200,311689589.6800,6.111400,1,3.927500,-15.592100,1.042665,1.226938,-14.961752,0
2019-09-17,sz.002662,3.3100,3.3400,3.2100,3.2400,3.4400,44759981,146339314.5500,3.067900,1,-5.814000,-14.685583,0.982045,1.155605,-14.091883,0
2019-09-18,sz.002662,3.2200,3.2500,3.1300,3.1800,3.2400,26068725,82724070.8900,1.786800,1,-1.851800,-14.413628,0.963859,1.134204,-13.830922,0
2019-09-19,sz.002662,3.1800,3.2000,3.1200,3.2000,3.1800,17556539,55443493.7300,1.203400,1,0.628900,-14.504279,0.969921,1.141338,-13.917909,0
2019-09-20,sz.002662,3.1700,3.2000,3.1000,3.1300,3.2000,17270240,54284333.3000,1.183700,1,-2.187500,-14.186998,0.948704,1.116371,-13.613455,0
2019-09-23,sz.002662,3.0900,3.1800,3.0600,3.1700,3.1300,12418260,38643795.5100,0.851200,1,1.278000,-14.368302,0.960828,1.130638,-13.787429,0
2019-09-24,sz.002662,3.1600,3.1600,3.0600,3.0700,3.1700,16448719,51212598.7100,1.127400,1,-3.154600,-13.915043,0.930518,1.094971,-13.352494,0
2019-09-25,sz.002662,3.0800,3.1300,3.0100,3.1300,3.0700,18840728,57957976.0000,1.291400,1,1.954400,-14.186998,0.948704,1.116371,-13.613455,0
2019-09-26,sz.002662,3.1000,3.1400,2.9500,2.9600,3.1300,15143502,45997652.6800,1.038000,1,-5.431300,-13.416458,0.897177,1.055738,-12.874066,0
2019-09-27,sz.002662,2.9800,2.9900,2.9100,2.9100,2.9600,11810600,34812959.0000,0.809500,1,-1.689200,-13.189829,0.882022,1.037904,-12.656599,0
2019-09-30,sz.002662,2.9500,2.9700,2.8500,2.8600,2.9100,7054038,20527370.2000,0.483500,1,-1.718200,-12.963200,0.866867,1.020071,-12.439131,0
2019-10-08,sz.002662,2.8800,2.9300,2.8500,2.8900,2.8600,5594444,16161120.5300,0.383500,1,1.049000,-13.099177,0.875960,1.030771,-12.569612,0
2019-10-09,sz.002662,2.8900,2.9000,2.8600,2.9000,2.8900,6076738,17512127.6800,0.416500,1,0.346000,-13.144503,0.878991,1.034337,-12.613105,0
2019-10-10,sz.002662,2.9500,2.9600,2.8900,2.9200,2.9000,7672669,22408088.4800,0.525900,1,0.689700,-13.235155,0.885053,1.041471,-12.700092,0
2019-10-11,sz.002662,2.9100,2.9200,2.8600,2.8900,2.9200,7583900,21899587.0000,0.519800,1,-1.027400,-13.099177,0.875960,1.030771,-12.569612,0
2019-10-14,sz.002662,2.9300,2.9500,2.9000,2.9300,2.8900,8328621,24413138.5900,0.570900,1,1.384100,-13.280481,0.888084,1.045037,-12.743586,0
2019-10-15,sz.002662,3.0000,3.0000,2.9100,2.9400,2.9300,9494831,27986149.6700,0.650800,1,0.341300,-13.325807,0.891115,1.048604,-12.787079,0
2019-10-16,sz.002662,2.9400,2.9600,2.8700,2.8800,2.9400,7398200,21523162.0000,0.507100,1,-2.040800,-13.053851,0.872929,1.027204,-12.526118,0
2019-10-17,sz.002662,2.9000,2.9000,2.8000,2.8000,2.8800,9509154,27001771.7400,0.651800,1,-2.777800,-12.691244,0.848681,0.998671,-12.178171,0
2019-10-18,sz.002662,2.8100,2.8300,2.7000,2.7400,2.8000,13018891,35726782.8900,0.892300,1,-2.142900,-12.419289,0.830495,0.977271,-11.917210,0
2019-10-21,sz.002662,2.7500,2.7500,2.6500,2.7400,2.7400,8875783,23925591.2400,0.608400,1,0.000000,-12.419289,0.830495,0.977271,-11.917210,0
2019-10-22,sz.002662,2.7200,2.7500,2.7000,2.7500,2.7400,5026361,13708944.3100,0.344500,1,0.365000,-12.464615,0.833526,0.980837,-11.960703,0
2019-10-23,sz.002662,2.7500,2.7500,2.7000,2.7200,2.7500,5576840,15204649.3800,0.382200,1,-1.090900,-12.328637,0.824433,0.970137,-11.830223,0
2019-10-24,sz.002662,2.7400,2.7700,2.7000,2.7200,2.7200,8343638,22800407.9800,0.571900,1,0.000000,-12.328637,0.824433,0.970137,-11.830223,0
2019-10-25,sz.002662,2.7100,2.7400,2.6800,2.7200,2.7200,6458752,17497438.4900,0.442700,1,0.000000,-12.328637,0.824433,0.970137,-11.830223,0
2019-10-28,sz.002662,2.7100,2.7800,2.6700,2.7700,2.7200,8066553,22193045.7500,0.552900,1,1.838200,-4.742884,0.839898,1.082574,69.709050,0
2019-10-29,sz.002662,2.7700,2.8000,2.7000,2.7000,2.7700,7183773,19711842.4800,0.492400,1,-2.527100,-4.623028,0.818674,1.055217,67.947450,0
2019-10-30,sz.002662,2.7100,2.7200,2.6300,2.6500,2.7000,8426292,22430507.0900,0.577600,1,-1.851800,-4.537416,0.803513,1.035676,66.689164,0
2019-10-31,sz.002662,2.6500,2.6700,2.5600,2.5700,2.6500,8242200,21449647.0000,0.564900,1,-3.018900,-4.400437,0.779256,1.004410,64.675906,0
2019-11-01,sz.002662,2.5700,2.6600,2.5400,2.6400,2.5700,6958710,18138626.4800,0.477000,1,2.723700,-4.520294,0.800481,1.031768,66.437507,0
2019-11-04,sz.002662,2.6400,2.6700,2.5900,2.6000,2.6400,4964042,13040057.8800,0.340200,1,-1.515200,-4.451804,0.788352,1.016135,65.430878,0
2019-11-05,sz.002662,2.5900,2.6100,2.5600,2.5900,2.6000,5556081,14331715.0100,0.380800,1,-0.384600,-4.434682,0.785320,1.012227,65.179220,0
2019-11-06,sz.002662,2.5800,2.5900,2.4900,2.5200,2.5900,8469500,21476863.7000,0.580500,1,-2.702700,-4.314826,0.764095,0.984869,63.417620,0
2019-11-07,sz.002662,2.5100,2.5800,2.4600,2.5600,2.5200,8815009,22318201.9300,0.604200,1,1.587300,-4.383315,0.776224,1.000502,64.424249,0
2019-11-08,sz.002662,2.5600,2.5900,2.5400,2.5500,2.5600,4949863,12694095.8100,0.339300,1,-0.390600,-4.366193,0.773192,0.996594,64.172592,0
2019-11-11,sz.002662,2.5600,2.5600,2.4200,2.4400,2.5500,8365209,20553480.8700,0.573400,1,-4.313700,-4.177847,0.739838,0.953603,61.404362,0
2019-11-12,sz.002662,2.4600,2.4700,2.3900,2.4600,2.4400,6175311,15043076.8400,0.423300,1,0.819700,-4.212092,0.745903,0.961420,61.907677,0
2019-11-13,sz.002662,2.4500,2.4800,2.4100,2.4300,2.4600,4261000,10452222.0000,0.292100,1,-1.219500,-4.160725,0.736806,0.949695,61.152705,0
2019-11-14,sz.002662,2.4600,2.4600,2.4100,2.4100,2.4300,4956800,12057569.0000,0.339700,1,-0.823000,-4.126480,0.730742,0.941879,60.649390,0
2019-11-15,sz.002662,2.4200,2.4300,2.3300,2.3500,2.4100,6719463,15934990.8800,0.460600,1,-2.489600,-4.023746,0.712549,0.918430,59.139447,0
2019-11-18,sz.002662,2.3400,2.4200,2.3100,2.4000,2.3500,8757915,20921099.9900,0.600300,1,2.127700,-4.109358,0.727710,0.937971,60.397733,0
2019-11-19,sz.002662,2.4000,2.5100,2.3800,2.5100,2.4000,8067160,19916370.0000,0.552900,1,4.583300,-4.297703,0.761063,0.980961,63.165963,0
2019-11-20,sz.002662,2.5300,2.5300,2.4800,2.5000,2.5100,6839100,17130585.0000,0.468800,1,-0.398400,-4.280581,0.758031,0.977053,62.914305,0
2019-11-21,sz.002662,2.5000,2.5600,2.4700,2.5200,2.5000,6481751,16372506.2900,0.444300,1,0.800000,-4.314826,0.764095,0.984869,63.417620,0
2019-11-22,sz.002662,2.5100,2.6000,2.5000,2.5300,2.5200,9567787,24399318.4200,0.655800,1,0.396800,-4.331948,0.767127,0.988777,63.669277,0
2019-11-25,sz.002662,2.5300,2.5800,2.5200,2.5800,2.5300,7866099,20117979.1500,0.539200,1,1.976300,-4.417560,0.782288,1.008318,64.927563,0
2019-11-26,sz.002662,2.5800,2.5800,2.5300,2.5400,2.5800,6688066,17048854.3000,0.458400,1,-1.550400,-4.349070,0.770160,0.992686,63.920934,0
2019-11-27,sz.002662,2.5500,2.6100,2.5500,2.5900,2.5400,9487594,24564963.5200,0.650300,1,1.968500,-4.434682,0.785320,1.012227,65.179220,0
2019-11-28,sz.002662,2.5600,2.6000,2.5400,2.5500,2.5900,6157500,15765065.0000,0.422000,1,-1.544400,-4.366193,0.773192,0.996594,64.172592,0
2019-11-29,sz.002662,2.5700,2.5900,2.5300,2.5900,2.5500,6491600,16612536.0000,0.444900,1,1.568600,-4.434682,0.785320,1.012227,65.179220,0
2019-12-02,sz.002662,2.5700,2.5900,2.5100,2.5200,2.5900,5435401,13793159.5400,0.372600,1,-2.702700,-4.314826,0.764095,0.984869,63.417620,0
2019-12-03,sz.002662,2.5100,2.6200,2.5000,2.6100,2.5200,8828905,22651970.5500,0.605100,1,3.571400,-4.468927,0.791384,1.020043,65.682535,0
2019-12-04,sz.002662,2.5800,2.6600,2.5800,2.6400,2.6100,12366932,32505233.1800,0.847600,1,1.149400,-4.520294,0.800481,1.031768,66.437507,0
2019-12-05,sz.002662,2.6400,2.6400,2.5800,2.6100,2.6400,7903339,20596216.9900,0.541700,1,-1.136400,-4.468927,0.791384,1.020043,65.682535,0
2019-12-06,sz.002662,2.6100,2.6100,2.5500,2.5900,2.6100,5201003,13387414.3800,0.356500,1,-0.766300,-4.434682,0.785320,1.012227,65.179220,0
2019-12-09,sz.002662,2.6000,2.6000,2.5600,2.5700,2.5900,5981500,15373296.0000,0.410000,1,-0.772200,-4.400437,0.779256,1.004410,64.675906,0
2019-12-10,sz.002662,2.5600,2.5800,2.5400,2.5800,2.5700,4838588,12384826.3800,0.331600,1,0.389100,-4.417560,0.782288,1.008318,64.927563,0
2019-12-11,sz.002662,2.5800,2.5800,2.5400,2.5600,2.5800,4713482,12070686.1000,0.323100,1,-0.775200,-4.383315,0.776224,1.000502,64.424249,0
2019-12-12,sz.002662,2.5600,2.5900,2.5400,2.5900,2.5600,5839783,15020931.0300,0.400300,1,1.171900,-4.434682,0.785320,1.012227,65.179220,0
2019-12-13,sz.002662,2.6000,2.6700,2.5600,2.6100,2.5900,12447780,32513512.6400,0.853200,1,0.772200,-4.468927,0.791384,1.020043,65.682535,0
2019-12-16,sz.002662,2.5900,2.6500,2.5700,2.6200,2.6100,10197202,26597973.2700,0.698900,1,0.383100,-4.486049,0.794417,1.023951,65.934192,0
2019-12-17,sz.002662,2.6000,2.6800,2.6000,2.6700,2.6200,12793788,33829868.4400,0.876900,1,1.908400,-4.571661,0.809577,1.043492,67.192478,0
2019-12-18,sz.002662,2.7100,2.7400,2.6500,2.6700,2.6700,8675010,23206870.7000,0.594600,1,0.000000,-4.571661,0.809577,1.043492,67.192478,0
2019-12-19,sz.002662,2.6800,2.7100,2.6400,2.7100,2.6700,8644954,23209589.7200,0.592500,1,1.498100,-4.640150,0.821706,1.059125,68.199107,0
2019-12-20,sz.002662,2.6900,2.7500,2.6600,2.6600,2.7100,8876985,24012481.0500,0.608400,1,-1.845000,-4.554538,0.806545,1.039584,66.940821,0
2019-12-23,sz.002662,2.6900,2.6900,2.5900,2.6100,2.6600,8800401,23104893.6200,0.603200,1,-1.879700,-4.468927,0.791384,1.020043,65.682535,0
2019-12-24,sz.002662,2.6100,2.6500,2.5600,2.6500,2.6100,8386088,21909241.0700,0.574800,1,1.532600,-4.537416,0.803513,1.035676,66.689164,0
2019-12-25,sz.002662,2.6600,2.6800,2.6200,2.6500,2.6500,8297540,22002790.8000,0.568700,1,0.000000,-4.537416,0.803513,1.035676,66.689164,0
2019-12-26,sz.002662,2.6500,2.6700,2.6200,2.6600,2.6500,7784600,20530170.0000,0.533600,1,0.377400,-4.554538,0.806545,1.039584,66.940821,0
2019-12-27,sz.002662,2.6600,2.7500,2.6400,2.6700,2.6600,9641479,25878259.1100,0.660800,1,0.375900,-4.571661,0.809577,1.043492,67.192478,0
2019-12-30,sz.002662,2.6400,2.6500,2.5800,2.6400,2.6700,9092321,23831924.4400,0.623200,1,-1.123600,-4.520294,0.800481,1.031768,66.437507,0
2019-12-31,sz.002662,2.6400,2.6700,2.6200,2.6400,2.6400,6910200,18292980.0000,0.473600,1,0.000000,-4.520294,0.800481,1.031768,66.437507,0
2020-01-02,sz.002662,2.6500,2.9000,2.6500,2.9000,2.6400,9759577,27912367.4300,0.668900,1,9.848500,-4.965474,0.879316,1.133381,72.980594,0
2020-01-03,sz.002662,3.1300,3.1800,2.7900,2.8500,2.9000,66774268,196950504.8000,4.576800,1,-1.724100,-4.879862,0.864155,1.113840,71.722308,0
2020-01-06,sz.002662,2.7400,2.8200,2.7100,2.8100,2.8500,36366932,100620115.6900,2.492600,1,-1.403500,-4.811373,0.852027,1.098207,70.715679,0
2020-01-07,sz.002662,2.8000,2.9800,2.7700,2.8900,2.8100,33890523,97722411.0100,2.322900,1,2.847000,-4.948352,0.876284,1.129473,72.728937,0
2020-01-08,sz.002662,2.8900,2.9800,2.8100,2.9100,2.8900,30009246,86742496.7500,2.056900,1,0.692000,-4.982596,0.882348,1.137289,73.232252,0
2020-01-09,sz.002662,2.9000,2.9400,2.8500,2.8800,2.9100,17854374,51437967.5400,1.223800,1,-1.030900,-4.931229,0.873252,1.125565,72.477280,0
2020-01-10,sz.002662,2.8700,2.9300,2.8200,2.8900,2.8800,16808311,48196842.1900,1.152100,1,0.347200,-4.948352,0.876284,1.129473,72.728937,0
2020-01-13,sz.002662,2.9200,2.9800,2.8900,2.9300,2.8900,20453123,59871568.7000,1.401900,1,1.384100,-5.016841,0.888412,1.145106,73.735566,0
2020-01-14,sz.002662,2.9100,2.9500,2.8700,2.8900,2.9300,16423604,47823650.3700,1.125700,1,-1.365200,-4.948352,0.876284,1.129473,72.728937,0
2020-01-15,sz.002662,2.8600,2.8700,2.7900,2.8100,2.8900,12552802,35299532.5800,0.860400,1,-2.768200,-4.811373,0.852027,1.098207,70.715679,0
2020-01-16,sz.002662,2.8100,2.8500,2.7700,2.7800,2.8100,7724975,21655824.7200,0.529500,1,-1.067600,-4.760006,0.842931,1.086483,69.960708,0
2020-01-17,sz.002662,2.7900,2.8100,2.7400,2.7600,2.7800,8564682,23782699.3600,0.587000,1,-0.719400,-4.725762,0.836866,1.078666,69.457393,0
2020-01-20,sz.002662,2.7600,2.7600,2.6900,2.7000,2.7600,10732802,29100707.9800,0.735600,1,-2.173900,-4.623028,0.818674,1.055217,67.947450,0
2020-01-21,sz.002662,2.6800,2.7200,2.6500,2.6700,2.7000,7986319,21386867.7300,0.547400,1,-1.111100,-4.571661,0.809577,1.043492,67.192478,0
2020-01-22,sz.002662,2.6600,2.6800,2.5600,2.6500,2.6700,8247201,21666939.6100,0.565300,1,-0.749100,-4.537416,0.803513,1.035676,66.689164,0
2020-01-23,sz.002662,2.4300,2.5600,2.4000,2.4500,2.6500,20526775,50686196.0900,1.406900,1,-7.547200,-4.194970,0.742870,0.957512,61.656019,0
2020-02-03,sz.002662,2.2100,2.2100,2.2100,2.2100,2.4500,2466600,5451186.0000,0.169100,1,-9.795900,-3.784034,0.670100,0.863715,55.616246,0
2020-02-04,sz.002662,1.9900,2.1300,1.9900,2.0800,2.2100,20434375,42420511.5600,1.400600,1,-5.882400,-3.561444,0.630682,0.812908,52.344702,0
2020-02-05,sz.002662,2.1000,2.2900,2.1000,2.2900,2.0800,21033260,47046323.2200,1.441700,1,10.096200,-3.921012,0.694357,0.894980,57.629504,0
2020-02-06,sz.002662,2.2600,2.3600,2.2300,2.2900,2.2900,17308802,39611535.5800,1.186400,1,0.000000,-3.921012,0.694357,0.894980,57.629504,0
2020-02-07,sz.002662,2.3400,2.3400,2.2400,2.2800,2.2900,13228902,30096802.5200,0.906700,1,-0.436700,-3.903890,0.691324,0.891072,57.377847,0
2020-02-10,sz.002662,2.2700,2.3200,2.2300,2.3000,2.2800,11417382,26169812.5900,0.782600,1,0.877200,-3.938135,0.697389,0.898889,57.881161,0
2020-02-11,sz.002662,2.3100,2.3400,2.2600,2.2700,2.3000,10439900,24015306.0000,0.715600,1,-1.304300,-3.886768,0.688292,0.887164,57.126189,0
2020-02-12,sz.002662,2.3000,2.3900,2.2800,2.3400,2.2700,12043743,27977138.9000,0.825500,1,3.083700,-4.006624,0.709517,0.914521,58.887790,0
2020-02-13,sz.002662,2.3200,2.3500,2.2700,2.2800,2.3400,9931502,22879867.6400,0.680700,1,-2.564100,-3.903890,0.691324,0.891072,57.377847,0
2020-02-14,sz.002662,2.2600,2.3000,2.2500,2.2600,2.2800,6332602,14373659.5000,0.434000,1,-0.877200,-3.869645,0.685260,0.883256,56.874532,0
2020-02-17,sz.002662,2.2700,2.3500,2.2500,2.3400,2.2600,12089417,28046981.0700,0.828600,1,3.539800,-4.006624,0.709517,0.914521,58.887790,0
2020-02-18,sz.002662,2.3400,2.4400,2.3300,2.4400,2.3400,15436437,37083171.3900,1.058000,1,4.273500,-4.177847,0.739838,0.953603,61.404362,0
2020-02-19,sz.002662,2.4400,2.6800,2.4100,2.6800,2.4400,19652176,50143999.1400,1.347000,1,9.836100,-4.177847,0.739838,0.953603,61.404362,0
2020-02-20,sz.002662,2.7800,2.8800,2.5700,2.6800,2.6800,52488984,142834108.5100,3.597700,1,0.000000,-4.588783,0.812609,1.047401,67.444135,0
2020-02-21,sz.002662,2.6200,2.9500,2.5500,2.9500,2.6800,61909024,173144829.4900,4.243300,1,10.074600,-5.051086,0.894477,1.152922,74.238880,0
2020-02-24,sz.002662,3.0300,3.2500,2.8600,3.2500,2.9500,105697102,330330846.2600,7.244600,1,10.169500,-5.564755,0.985440,1.270169,81.788597,0
2020-02-25,sz.002662,3.1500,3.5800,3.0100,3.5800,3.2500,120271799,415231743.6600,8.243600,1,10.153800,-6.129792,1.085501,1.399140,90.093285,0
2020-02-26,sz.002662,3.9000,3.9400,3.7900,3.9400,3.5800,35915741,140242422.8600,2.461700,1,10.055900,-6.746196,1.194657,1.539835,99.152945,0
2020-02-27,sz.002662,4.3300,4.3300,4.0200,4.1300,3.9400,218419688,930357201.8800,14.970800,1,4.822300,-7.071520,1.252267,1.614091,103.934433,0
2020-02-28,sz.002662,3.7200,3.7200,3.7200,3.7200,4.1300,7966500,29635380.0000,0.546000,1,-9.927400,-6.369505,1.127950,1.453854,93.616486,0
2020-03-02,sz.002662,3.3500,3.7000,3.3500,3.4200,3.7200,171312776,585845624.4400,11.742000,1,-8.064500,-2.070749,1.036987,1.413371,86.066770,0
2020-03-03,sz.002662,3.4200,3.4300,3.1700,3.2500,3.4200,126924230,420223388.8600,8.699600,1,-4.970800,-1.967817,0.985440,1.343116,81.788597,0
2020-03-04,sz.002662,3.1500,3.2300,3.0400,3.1400,3.2500,87111196,272707401.0300,5.970700,1,-3.384600,-1.901214,0.952087,1.297656,79.020368,0
2020-03-05,sz.002662,3.1700,3.3500,3.0500,3.3000,3.1400,101119410,325470945.4700,6.930900,1,5.095500,-1.998091,1.000601,1.363779,83.046883,0
2020-03-06,sz.002662,3.1700,3.4400,3.0900,3.3000,3.3000,92870759,305532775.8300,6.365500,1,0.000000,-1.998091,1.000601,1.363779,83.046883,0
2020-03-09,sz.002662,3.1600,3.2500,3.0400,3.0600,3.3000,54517150,170688818.0100,3.736700,1,-7.272700,-1.852776,0.927830,1.264595,77.007110,0
2020-03-10,sz.002662,2.9800,3.1300,2.8800,3.1200,3.0600,49718464,149572425.2900,3.407800,1,1.960800,-1.889105,0.946023,1.289391,78.517053,0
2020-03-11,sz.002662,3.1000,3.2400,3.0600,3.0700,3.1200,42537475,133310686.1500,2.915600,1,-1.602600,-1.858830,0.930862,1.268728,77.258767,0
2020-03-12,sz.002662,2.9700,3.0800,2.9300,3.0200,3.0700,33631061,100496807.3500,2.305100,1,-1.628700,-1.828556,0.915702,1.248064,76.000481,0
2020-03-13,sz.002662,2.8600,2.9900,2.8100,2.9200,3.0200,29207037,84906157.0400,2.001900,1,-3.311300,-1.768008,0.885380,1.206738,73.483909,0
2020-03-16,sz.002662,2.9800,3.0000,2.7500,2.8000,2.9200,27870717,79979043.7500,1.910300,1,-4.109600,-1.695350,0.848995,1.157146,70.464022,0
2020-03-17,sz.002662,2.8400,2.9100,2.7100,2.8500,2.8000,25142503,70775102.8100,1.723300,1,1.785700,-1.725624,0.864155,1.177809,71.722308,0
2020-03-18,sz.002662,2.8900,2.9700,2.7800,2.7900,2.8500,24007987,69107468.0900,1.645500,1,-2.105300,-1.689295,0.845963,1.153013,70.212365,0
2020-03-19,sz.002662,2.7800,2.8300,2.7300,2.7900,2.7900,17867659,49774854.5100,1.224700,1,0.000000,-1.689295,0.845963,1.153013,70.212365,0
2020-03-20,sz.002662,2.8200,2.8400,2.7400,2.7800,2.7900,14552628,40434945.9600,0.997500,1,-0.358400,-1.683241,0.842931,1.148880,69.960708,0
2020-03-23,sz.002662,2.7000,2.7300,2.5100,2.5800,2.7800,29510859,77138520.7700,2.022700,1,-7.194200,-1.562144,0.782288,1.066227,64.927563,0
2020-03-24,sz.002662,2.6200,2.6600,2.4400,2.5900,2.5800,22910280,58454934.4700,1.570300,1,0.387600,-1.568199,0.785320,1.070360,65.179220,0
2020-03-25,sz.002662,2.6300,2.8500,2.5900,2.8500,2.5900,43846833,120581638.5100,3.005300,1,10.038600,-1.725624,0.864155,1.177809,71.722308,0
2020-03-26,sz.002662,2.9100,2.9100,2.6700,2.7200,2.8500,38623888,107082693.0700,2.647300,1,-4.561400,-1.646912,0.824738,1.124084,68.450764,0
2020-03-27,sz.002662,2.7600,2.8100,2.6100,2.6400,2.7200,19195613,51988872.7200,1.315700,1,-2.941200,-1.598473,0.800481,1.091023,66.437507,0
2020-03-30,sz.002662,2.5900,2.6400,2.5100,2.6300,2.6400,16329498,42062588.5100,1.119200,1,-0.378800,-1.592418,0.797449,1.086890,66.185849,0
2020-03-31,sz.002662,2.6400,2.7200,2.5900,2.6400,2.6300,17349100,46055193.0400,1.189100,1,0.380200,-1.598473,0.800481,1.091023,66.437507,0
2020-04-01,sz.002662,2.7000,2.9000,2.7000,2.7500,2.6400,36535633,102381680.7500,2.504200,1,4.166700,-1.665076,0.833834,1.136482,69.205736,0
2020-04-02,sz.002662,2.6700,2.7600,2.6500,2.7600,2.7500,23751537,64261783.0100,1.628000,1,0.363600,-1.671131,0.836866,1.140615,69.457393,0
2020-04-03,sz.002662,2.7300,2.8900,2.7100,2.8100,2.7600,30914602,86954240.4100,2.118900,1,1.811600,-1.701405,0.852027,1.161278,70.715679,0
2020-04-07,sz.002662,2.8700,2.9100,2.8100,2.8800,2.8100,29904013,85233650.9400,2.049700,1,2.491100,-1.743789,0.873252,1.190207,72.477280,0
2020-04-08,sz.002662,2.8600,3.0000,2.8500,2.9100,2.8800,32067120,94022527.6800,2.197900,1,1.041700,-1.761953,0.882348,1.202605,73.232252,0
2020-04-09,sz.002662,2.8800,2.9400,2.8500,2.8700,2.9100,22362030,64486764.1000,1.532700,1,-1.374600,-1.737734,0.870220,1.186074,72.225623,0
2020-04-10,sz.002662,2.9000,2.9000,2.7500,2.7800,2.8700,18581163,52330963.9000,1.273600,1,-3.135900,-1.683241,0.842931,1.148880,69.960708,0
2020-04-13,sz.002662,2.7400,2.7700,2.7000,2.7000,2.7800,11770598,32132361.6200,0.806800,1,-2.877700,-1.634802,0.818674,1.115819,67.947450,0
2020-04-14,sz.002662,2.7000,2.7800,2.7000,2.7600,2.7000,11213523,30808717.0200,0.768600,1,2.222200,-1.671131,0.836866,1.140615,69.457393,0
2020-04-15,sz.002662,2.8300,2.9400,2.7700,2.7700,2.7600,19155575,54371895.3200,1.313000,1,0.362300,-1.677186,0.839898,1.144748,69.709050,0
2020-04-16,sz.002662,2.7200,2.7600,2.7000,2.7100,2.7700,13344512,36337287.6400,0.914700,1,-2.166100,-1.640857,0.821706,1.119952,68.199107,0
2020-04-17,sz.002662,2.7000,2.7400,2.6700,2.6800,2.7100,12392300,33562523.0000,0.849400,1,-1.107000,-1.622692,0.812609,1.107554,67.444135,0
2020-04-20,sz.002662,2.6800,2.7000,2.6400,2.6800,2.6800,9366000,24945228.0000,0.642000,1,0.000000,-1.622692,0.812609,1.107554,67.444135,0
2020-04-21,sz.002662,2.6800,2.6800,2.6300,2.6600,2.6800,8389700,22185760.0000,0.575000,1,-0.746300,-1.610583,0.806545,1.099288,66.940821,0
2020-04-22,sz.002662,2.6500,2.6800,2.6100,2.6700,2.6600,6960612,18508378.6800,0.477100,1,0.375900,-1.616638,0.809577,1.103421,67.192478,0
2020-04-23,sz.002662,2.6800,2.8700,2.6700,2.8200,2.6700,33082123,92033628.1700,2.267500,1,5.618000,-1.707460,0.855059,1.165411,70.967337,0
2020-04-24,sz.002662,3.1000,3.1000,3.1000,3.1000,2.8200,8942000,27720200.0000,0.612900,1,9.929100,-1.876995,0.939959,1.281126,78.013739,0
2020-04-27,sz.002662,3.4100,3.4100,3.4100,3.4100,3.1000,3891389,13269636.4900,0.266700,1,10.000000,-2.064694,1.033954,1.409238,85.815113,0
2020-04-28,sz.002662,3.7500,3.7500,3.3700,3.7500,3.4100,177098592,644864484.2200,12.138600,1,9.970700,-2.270558,1.137047,1.549749,94.371458,0
2020-04-29,sz.002662,3.6100,4.1300,3.4000,3.7700,3.7500,194588793,732019858.0600,13.337400,1,0.533300,-2.715177,1.851912,1.557726,149.427467,0
2020-04-30,sz.002662,3.9500,4.1500,3.9100,4.1500,3.7700,88087729,357946722.1900,6.037700,1,10.079600,-3.139632,2.037515,1.863434,44.967788,0
2020-05-06,sz.002662,4.3000,4.5700,4.2700,4.5700,4.1500,250266523,1129083093.7000,17.153600,1,10.120500,-3.457377,2.243721,2.052022,49.518745,0
2020-05-07,sz.002662,4.7200,4.8900,4.1100,4.1100,4.5700,222687182,954654638.8100,15.263300,1,-10.065600,-3.109370,2.017876,1.845473,44.534363,0
2020-05-08,sz.002662,3.8800,3.9600,3.7000,3.7300,4.1100,184629370,697359698.3700,12.654800,1,-9.245700,-2.821886,1.831308,1.674845,40.416831,0
2020-05-11,sz.002662,3.7000,3.8400,3.6300,3.7700,3.7300,111674235,416654687.3400,7.654300,1,1.072400,-2.852147,1.850947,1.692806,40.850256,0
2020-05-12,sz.002662,3.7100,3.7500,3.5100,3.6700,3.7700,90202870,326727160.3000,6.182600,1,-2.652500,-2.776493,1.801850,1.647904,39.766694,0
2020-05-13,sz.002662,3.6200,3.7300,3.5800,3.7200,3.6700,84028455,309864059.2800,5.759400,1,1.362400,-2.814320,1.826399,1.670355,40.308475,0
2020-05-14,sz.002662,3.6800,4.0900,3.6100,4.0900,3.7200,183810586,721796517.6000,12.598600,1,9.946200,-3.094239,2.008057,1.836492,44.317651,0
2020-05-15,sz.002662,3.9500,4.2000,3.8500,3.9800,4.0900,152099665,602579889.2100,10.425100,1,-2.689500,-3.011020,1.954050,1.787100,43.125734,0
2020-05-18,sz.002662,3.9000,3.9100,3.6500,3.7200,3.9800,96354318,362887061.8000,6.604300,1,-6.532700,-2.814320,1.826399,1.670355,40.308475,0
2020-05-19,sz.002662,3.7200,4.0900,3.6600,4.0900,3.7200,93617820,371585366.4700,6.416700,1,9.946200,-3.094239,2.008057,1.836492,44.317651,0
2020-05-20,sz.002662,4.2300,4.5000,4.2300,4.5000,4.0900,107464033,476193781.1100,7.365700,1,10.024400,-3.404420,2.209353,2.020591,48.760252,0
2020-05-21,sz.002662,4.6200,4.9200,4.2100,4.5200,4.5000,240976301,1109893979.4500,16.516900,1,0.444400,-3.419550,2.219173,2.029571,48.976964,0
2020-05-22,sz.002662,4.0700,4.0700,4.0700,4.0700,4.5200,20701200,84253884.0000,1.418900,1,-9.955700,-3.079108,1.998237,1.827512,44.100939,0
2020-05-25,sz.002662,3.6600,3.6600,3.6600,3.6600,4.0700,10668100,39045246.0000,0.731200,1,-10.073700,-2.768928,1.796941,1.643414,39.658338,0
2020-05-26,sz.002662,3.2900,3.8100,3.2900,3.7200,3.6600,165467196,586551694.4500,11.341400,1,1.639300,-2.814320,1.826399,1.670355,40.308475,0
2020-05-27,sz.002662,3.5600,3.6500,3.4500,3.4800,3.7200,124447957,440130634.4200,8.529800,1,-6.451600,-2.632751,1.708567,1.562590,37.707928,0
2020-05-28,sz.002662,3.4100,3.5800,3.3200,3.4200,3.4800,82699264,284541197.0600,5.668300,1,-1.724100,-2.587359,1.679109,1.535649,37.057791,0
2020-05-29,sz.002662,3.4000,3.4400,3.2800,3.2900,3.4200,76513950,255371052.9000,5.244400,1,-3.801200,-2.489009,1.615283,1.477276,35.649162,0
2020-06-01,sz.002662,3.3100,3.5700,3.2700,3.4700,3.2900,90744104,310601003.3200,6.219700,1,5.471100,-2.625186,1.703657,1.558100,37.599572,0
2020-06-02,sz.002662,3.5300,3.5400,3.4000,3.4100,3.4700,64788644,223637831.7300,4.440700,1,-1.729100,-2.579794,1.674199,1.531159,36.949435,0
2020-06-03,sz.002662,3.4500,3.7500,3.3500,3.7500,3.4100,134814651,485728742.7300,9.240400,1,9.970700,-2.837016,1.841128,1.683826,40.633543,0
2020-06-04,sz.002662,3.5600,3.7400,3.5400,3.6500,3.7500,101653958,371684088.8300,6.967500,1,-2.666700,-2.761363,1.792031,1.638924,39.549982,0
2020-06-05,sz.002662,3.6700,3.7800,3.5300,3.7000,3.6500,82105775,300285084.3700,5.627600,1,1.369900,-2.799190,1.816579,1.661375,40.091763,0
2020-06-08,sz.002662,3.6800,3.6800,3.5200,3.5700,3.7000,59938648,215472618.0300,4.108300,1,-3.513500,-2.700840,1.752754,1.603002,38.683133,0
2020-06-09,sz.002662,3.6200,3.7800,3.6100,3.6400,3.5700,69710543,256766281.6300,4.778100,1,1.960800,-2.753797,1.787121,1.634433,39.441626,0
2020-06-10,sz.002662,3.6100,3.6200,3.4700,3.5100,3.6400,52276379,184657086.0300,3.583100,1,-3.571400,-2.655447,1.723296,1.576061,38.032997,0
2020-06-11,sz.002662,3.5800,3.8400,3.5200,3.6700,3.5100,112925925,417038838.1300,7.740100,1,4.558400,-2.776493,1.801850,1.647904,39.766694,0
2020-06-12,sz.002662,3.5100,3.6200,3.5000,3.5700,3.6700,68566147,244460357.6700,4.699600,1,-2.724800,-2.700840,1.752754,1.603002,38.683133,0
2020-06-15,sz.002662,3.5300,3.5500,3.4100,3.4200,3.5700,61850118,213802235.3900,4.239300,1,-4.201700,-2.587359,1.679109,1.535649,37.057791,0
2020-06-16,sz.002662,3.4600,3.4900,3.4100,3.4400,3.4200,31960291,109738453.5200,2.190600,1,0.584800,-2.602490,1.688928,1.544629,37.274504,0
2020-06-17,sz.002662,3.4300,3.4600,3.3400,3.3900,3.4400,37072966,125238727.2400,2.541000,1,-1.453500,-2.564663,1.664380,1.522178,36.732723,0
2020-06-18,sz.002662,3.4000,3.4600,3.3600,3.4000,3.3900,26731100,91061819.0000,1.832200,1,0.295000,-2.572228,1.669289,1.526669,36.841079,0
2020-06-19,sz.002662,3.4000,3.4200,3.3800,3.4000,3.4000,24663185,83748857.1700,1.690500,1,0.000000,-2.572228,1.669289,1.526669,36.841079,0
2020-06-22,sz.002662,3.4300,3.5700,3.4200,3.5100,3.4000,57609533,201600398.5500,3.948600,1,3.235300,-2.655447,1.723296,1.576061,38.032997,0
2020-06-23,sz.002662,3.5000,3.5200,3.4000,3.4100,3.5100,34240500,117661424.0000,2.346900,1,-2.849000,-2.579794,1.674199,1.531159,36.949435,0
2020-06-24,sz.002662,3.3800,3.4300,3.3300,3.3500,3.4100,26494471,89168421.3400,1.816000,1,-1.759500,-2.534401,1.644741,1.504218,36.299299,0
2020-06-29,sz.002662,3.3500,3.3500,3.2600,3.2800,3.3500,21627430,71170948.1000,1.482400,1,-2.089600,-2.481444,1.610373,1.472786,35.540806,0
2020-06-30,sz.002662,3.3000,3.4500,3.3000,3.3400,3.2800,30535630,103072415.2000,2.093000,1,1.829300,-2.526836,1.639831,1.499727,36.190943,0
2020-07-01,sz.002662,3.4100,3.4500,3.3400,3.4000,3.3400,37992741,129126803.4200,2.604100,1,1.796400,-2.572228,1.669289,1.526669,36.841079,0
2020-07-02,sz.002662,3.3800,3.4100,3.3400,3.4100,3.4000,35257538,119003179.2000,2.416600,1,0.294100,-2.579794,1.674199,1.531159,36.949435,0
2020-07-03,sz.002662,3.4600,3.5100,3.3900,3.4500,3.4100,47211998,162428235.3200,3.236000,1,1.173000,-2.610055,1.693838,1.549120,37.382860,0
2020-07-06,sz.002662,3.4600,3.6000,3.4200,3.5900,3.4500,69409405,244952126.9600,4.757400,1,4.058000,-2.715970,1.762573,1.611982,38.899845,0
2020-07-07,sz.002662,3.8000,3.8000,3.5500,3.6500,3.5900,93394942,344933169.5500,6.401400,1,1.671300,-2.761363,1.792031,1.638924,39.549982,0
2020-07-08,sz.002662,3.6800,3.9800,3.6200,3.8700,3.6500,93286226,351549800.4400,6.394000,1,6.027400,-2.927801,1.900044,1.737708,41.933817,0
2020-07-09,sz.002662,3.9100,4.1500,3.8200,4.1000,3.8700,96975083,388639752.4800,6.646800,1,5.943200,-3.101805,2.012966,1.840983,44.426007,0
2020-07-10,sz.002662,4.0200,4.0900,3.8800,3.9000,4.1000,79529752,316341682.5800,5.451100,1,-4.878000,-2.950497,1.914773,1.751179,42.258885,0
2020-07-13,sz.002662,3.8800,4.0700,3.8600,4.0400,3.9000,54188559,216561147.4400,3.714200,1,3.589700,-3.056412,1.983508,1.814041,43.775871,0
2020-07-14,sz.002662,4.0400,4.3400,4.0100,4.1900,4.0400,78416121,325584430.9100,5.374800,1,3.712900,-3.169893,2.057153,1.881394,45.401212,0
2020-07-15,sz.002662,4.3500,4.6100,4.1400,4.6100,4.1900,112763795,504231803.7200,7.729000,1,10.023900,-3.487639,2.263360,2.069983,49.952169,0
2020-07-16,sz.002662,4.5000,4.5600,4.1500,4.1500,4.6100,92586420,398765987.3000,6.346000,1,-9.978300,-3.139632,2.037515,1.863434,44.967788,0
2020-07-17,sz.002662,3.9500,4.0000,3.7400,3.8200,4.1500,78972712,303564162.4500,5.412900,1,-7.951800,-2.889974,1.875496,1.715257,41.392036,0
2020-07-20,sz.002662,3.8800,3.9800,3.7500,3.9500,3.8200,51197757,198635917.2100,3.509200,1,3.403100,-2.988324,1.939321,1.773630,42.800666,0
2020-07-21,sz.002662,3.9400,4.0800,3.9200,4.0200,3.9500,50403580,201535127.1500,3.454700,1,1.772200,-3.041282,1.973689,1.805061,43.559158,0
2020-07-22,sz.002662,4.0200,4.0300,3.9300,3.9500,4.0200,42582321,168941232.1300,2.918700,1,-1.741300,-2.988324,1.939321,1.773630,42.800666,0
2020-07-23,sz.002662,3.9700,3.9800,3.7700,3.8600,3.9500,42954963,165333881.1400,2.944200,1,-2.278500,-2.920236,1.895134,1.733218,41.825461,0
2020-07-24,sz.002662,3.8500,3.8600,3.6300,3.6700,3.8600,40101557,150028107.6900,2.748600,1,-4.922300,-2.776493,1.801850,1.647904,39.766694,0
2020-07-27,sz.002662,3.6500,3.7200,3.5300,3.6500,3.6700,25550427,92280790.0800,1.751300,1,-0.545000,-2.761363,1.792031,1.638924,39.549982,0
2020-07-28,sz.002662,3.7000,3.7500,3.6600,3.7000,3.6500,21192980,78657451.4000,1.452600,1,1.369900,-2.799190,1.816579,1.661375,40.091763,0
2020-07-29,sz.002662,3.6800,3.8100,3.6200,3.7900,3.7000,30816987,114810086.9800,2.112200,1,2.432400,-2.867278,1.860767,1.701786,41.066968,0
2020-07-30,sz.002662,3.7700,3.8200,3.7300,3.7400,3.7900,24645140,92655218.2800,1.689200,1,-1.319300,-2.829451,1.836218,1.679335,40.525187,0
2020-07-31,sz.002662,3.7500,3.8200,3.7100,3.7600,3.7400,29133980,109471129.4600,1.996900,1,0.534800,-2.844582,1.846037,1.688316,40.741899,0
2020-08-03,sz.002662,3.8000,3.8800,3.7600,3.8800,3.7600,33940952,130364278.5400,2.326400,1,3.191500,-2.935366,1.904954,1.742198,42.042173,0
2020-08-04,sz.002662,3.8800,4.0600,3.8000,3.9400,3.8800,57983024,227351149.0200,3.974200,1,1.546400,-2.980759,1.934412,1.769139,42.692309,0
2020-08-05,sz.002662,3.9000,3.9100,3.8100,3.8600,3.9400,29600183,114111022.5200,2.028800,1,-2.030500,-2.920236,1.895134,1.733218,41.825461,0
2020-08-06,sz.002662,3.8700,3.9100,3.7500,3.8800,3.8600,32923621,125743978.0300,2.256600,1,0.518100,-2.935366,1.904954,1.742198,42.042173,0
2020-08-07,sz.002662,3.8200,3.8500,3.7000,3.7500,3.8800,24664497,93234029.3900,1.690500,1,-3.350500,-2.837016,1.841128,1.683826,40.633543,0
2020-08-10,sz.002662,3.7100,3.8200,3.6900,3.8100,3.7500,18477756,69736801.5600,1.266500,1,1.600000,-2.882409,1.870586,1.710767,41.283680,0
2020-08-11,sz.002662,3.7800,3.8700,3.7500,3.7700,3.8100,22337314,85259344.6200,1.531000,1,-1.049900,-2.852147,1.850947,1.692806,40.850256,0
2020-08-12,sz.002662,3.7900,4.1500,3.7300,4.1500,3.7700,74460347,295777942.6100,5.103600,1,10.079600,-3.139632,2.037515,1.863434,44.967788,0
2020-08-13,sz.002662,4.5600,4.5700,4.4000,4.5700,4.1500,65897871,300199525.0100,4.393200,1,10.120500,-3.787433,2.176127,1.957029,49.545156,0
2020-08-14,sz.002662,4.5600,4.5600,4.1100,4.1700,4.5700,166697279,714409315.9600,11.113300,1,-8.752700,-3.455929,1.985656,1.785736,45.208599,0
2020-08-17,sz.002662,4.0700,4.5900,4.0700,4.5900,4.1700,148917512,667451697.4000,9.928000,1,10.071900,-3.804008,2.185651,1.965594,49.761983,0
2020-08-18,sz.002662,4.8100,5.0500,4.7200,5.0500,4.5900,100072898,491715894.1100,6.671600,1,10.021800,-4.185238,2.404692,2.162582,54.749023,0
2020-08-19,sz.002662,5.2500,5.5600,5.0000,5.1600,5.0500,289620992,1516495102.8200,19.308300,1,2.178200,-4.276402,2.457071,2.209688,55.941576,0
2020-08-20,sz.002662,4.6400,4.8800,4.6400,4.6400,5.1600,148916828,698690186.6600,9.927900,1,-10.077500,-3.845446,2.209459,1.987006,50.304053,0
2020-08-21,sz.002662,4.7200,5.0600,4.5000,4.9500,4.6400,158313779,752190290.9400,10.554400,1,6.681000,-4.102362,2.357074,2.119758,53.664884,0
2020-08-24,sz.002662,4.8000,4.9000,4.6100,4.7000,4.9500,106896682,509057795.4100,7.126500,1,-5.050500,-3.895172,2.238030,2.012700,50.954536,0
2020-08-25,sz.002662,4.6200,4.6800,4.3500,4.3700,4.7000,108879946,484592983.2200,7.258800,1,-7.021300,-3.621681,2.080892,1.871383,47.376877,0
2020-08-26,sz.002662,4.3600,4.5900,4.2700,4.4800,4.3700,86918962,385921091.8100,5.794700,1,2.517200,-3.712845,2.133271,1.918488,48.569430,0
2020-08-27,sz.002662,4.4700,4.8100,4.4700,4.5200,4.4800,85752074,395596213.2000,5.716900,1,0.892900,-3.745995,2.152318,1.935618,49.003086,0
2020-08-28,sz.002662,4.5200,4.5600,4.3500,4.4500,4.5200,61061671,269152963.9900,4.070800,1,-1.548700,-3.687982,2.118986,1.905641,48.244189,0
2020-08-31,sz.002662,4.4200,4.6400,4.4000,4.5600,4.4500,73611220,334845381.2300,4.907500,1,2.471900,-3.779146,2.171365,1.952747,49.436742,0
2020-09-01,sz.002662,4.5000,4.7500,4.5000,4.7100,4.5600,78691906,366797847.7400,5.246200,1,3.289500,-3.903460,2.242792,2.016982,51.062950,0
2020-09-02,sz.002662,4.6400,4.6800,4.5100,4.5800,4.7100,70221604,321046396.1300,4.681500,1,-2.760100,-3.795721,2.180889,1.961312,49.653569,0
2020-09-03,sz.002662,4.5000,4.5100,4.3000,4.3100,4.5800,65505995,286732325.8000,4.367100,1,-5.895200,-3.571956,2.052321,1.845689,46.726394,0
2020-09-04,sz.002662,4.1400,4.2500,4.0800,4.2300,4.3100,36536483,153205853.4600,2.435800,1,-1.856100,-3.505655,2.014227,1.811430,45.859083,0
2020-09-07,sz.002662,4.2200,4.3000,4.1500,4.1900,4.2300,38820032,164195949.9300,2.588000,1,-0.945600,-3.472504,1.995180,1.794301,45.425427,0
2020-09-08,sz.002662,4.2000,4.2800,4.1000,4.2400,4.1900,38423564,160558086.1700,2.561600,1,1.193300,-3.513942,2.018989,1.815712,45.967497,0
2020-09-09,sz.002662,4.1400,4.3300,4.1100,4.2000,4.2400,40576912,171328149.3900,2.705200,1,-0.943400,-3.480792,1.999942,1.798583,45.533841,0
2020-09-10,sz.002662,4.2600,4.2900,4.1300,4.1500,4.2000,40049566,168401694.7300,2.670000,1,-1.190500,-3.439354,1.976133,1.777171,44.991771,0
2020-09-11,sz.002662,4.1100,4.1600,3.8600,4.0900,4.1500,44430875,178910237.5000,2.962100,1,-1.445800,-3.389628,1.947562,1.751477,44.341288,0
2020-09-14,sz.002662,4.1000,4.1700,4.0100,4.0300,4.0900,33340167,135842662.3400,2.222700,1,-1.467000,-3.339903,1.918992,1.725783,43.690805,0
2020-09-15,sz.002662,4.0500,4.3500,4.0300,4.2500,4.0300,54926153,231108390.6700,3.661800,1,5.459100,-3.522230,2.023751,1.819995,46.075911,0
2020-09-16,sz.002662,4.2800,4.2800,4.1600,4.1700,4.2500,29490446,124012405.9000,1.966100,1,-1.882400,-3.455929,1.985656,1.785736,45.208599,0
2020-09-17,sz.002662,4.1800,4.3000,4.1000,4.2800,4.1700,38936544,165133086.2300,2.595800,1,2.637900,-3.547093,2.038036,1.832842,46.401152,0
2020-09-18,sz.002662,4.2500,4.4400,4.2000,4.4000,4.2800,58735036,255757195.7200,3.915700,1,2.803700,-3.646544,2.095177,1.884230,47.702119,0
2020-09-21,sz.002662,4.3800,4.4900,4.3100,4.3500,4.4000,40052813,175228631.2500,2.670200,1,-1.136400,-3.605106,2.071368,1.862818,47.160050,0
2020-09-22,sz.002662,4.2800,4.5200,4.2100,4.4000,4.3500,56183244,245561834.9100,3.745600,1,1.149400,-3.646544,2.095177,1.884230,47.702119,0
2020-09-23,sz.002662,4.4100,4.4100,4.2600,4.3200,4.4000,35059565,151369216.0300,2.337300,1,-1.818200,-3.580243,2.057083,1.849971,46.834808,0
2020-09-24,sz.002662,4.2600,4.2600,4.0700,4.0800,4.3200,34458692,143388952.6200,2.297300,1,-5.555600,-3.381341,1.942801,1.747195,44.232874,0
2020-09-25,sz.002662,4.1100,4.2200,4.0100,4.0700,4.0800,21322158,87439445.4600,1.421500,1,-0.245100,-3.373053,1.938039,1.742912,44.124460,0
2020-09-28,sz.002662,4.0900,4.1500,4.0000,4.0100,4.0700,17038800,69293129.1100,1.135900,1,-1.474200,-3.323328,1.909468,1.717218,43.473977,0
2020-09-29,sz.002662,4.0600,4.1000,4.0000,4.0500,4.0100,15722900,63595514.3700,1.048200,1,0.997500,-3.356478,1.928515,1.734348,43.907632,0
2020-09-30,sz.002662,4.0500,4.0700,3.9600,3.9800,4.0500,19459474,77937521.0400,1.297300,1,-1.728400,-3.298465,1.895183,1.704371,43.148735,0
2020-10-09,sz.002662,4.0700,4.1900,4.0400,4.1500,3.9800,26393655,109131736.3900,1.759600,1,4.271400,-3.439354,1.976133,1.777171,44.991771,0
2020-10-12,sz.002662,4.2000,4.3300,4.2000,4.3100,4.1500,39790033,170424800.5700,2.652700,1,3.855400,-3.571956,2.052321,1.845689,46.726394,0
2020-10-13,sz.002662,4.2800,4.3600,4.2300,4.3100,4.3100,35658330,153522000.1200,2.377300,1,0.000000,-3.571956,2.052321,1.845689,46.726394,0
2020-10-14,sz.002662,4.2800,4.4500,4.2700,4.2800,4.3100,46513495,201899537.8000,3.100900,1,-0.696100,-3.547093,2.038036,1.832842,46.401152,0
2020-10-15,sz.002662,4.7100,4.7100,4.6100,4.7100,4.2800,61772261,290870254.3100,4.118200,1,10.046700,-3.903460,2.242792,2.016982,51.062950,0
2020-10-16,sz.002662,4.6400,4.7600,4.4500,4.5600,4.7100,110428476,505668150.6000,7.362000,1,-3.184700,-3.779146,2.171365,1.952747,49.436742,0
2020-10-19,sz.002662,4.5700,4.6100,4.4400,4.4400,4.5600,58286605,263937205.9700,3.885800,1,-2.631600,-3.679694,2.114224,1.901359,48.135775,0
2020-10-20,sz.002662,4.4800,4.5500,4.3600,4.5500,4.4400,60357936,270386522.9700,4.023900,1,2.477500,-3.770858,2.166604,1.948465,49.328328,0
2020-10-21,sz.002662,4.5100,4.5400,4.3300,4.3600,4.5500,44810830,197475756.3600,2.987400,1,-4.175800,-3.613394,2.076130,1.867100,47.268464,0
2020-10-22,sz.002662,4.3200,4.4200,4.2500,4.3500,4.3600,31535386,136729299.6600,2.102400,1,-0.229400,-3.605106,2.071368,1.862818,47.160050,0
2020-10-23,sz.002662,4.3600,4.4300,4.3000,4.3400,4.3500,23383544,101822209.7200,1.558900,1,-0.229900,-3.596818,2.066606,1.858536,47.051636,0
2020-10-26,sz.002662,4.3500,4.5300,4.2700,4.5100,4.3400,48982642,218184662.7700,3.265600,1,3.917100,-3.737708,2.147556,1.931335,48.894672,0
2020-10-27,sz.002662,4.4800,4.5500,4.3400,4.3800,4.5100,35159453,154845823.0800,2.344000,1,-2.882500,-3.911681,2.010749,1.854529,18.301957,0
2020-10-28,sz.002662,4.3400,4.5300,4.2900,4.4800,4.3800,44304135,195849901.3600,2.953600,1,2.283100,-4.000989,2.056656,1.896870,18.719810,0
2020-10-29,sz.002662,4.3700,4.5900,4.3500,4.4300,4.4800,46964043,210536506.9000,3.131000,1,-1.116100,-3.956335,2.033703,1.875700,18.510883,0
2020-10-30,sz.002662,4.4000,4.4400,4.1800,4.1900,4.4300,52405451,226285149.6600,3.493700,1,-5.417600,-3.741996,1.923525,1.774082,17.508036,0
2020-11-02,sz.002662,4.1600,4.3700,4.1200,4.3000,4.1900,34860675,148677852.2200,2.324100,1,2.625300,-3.840235,1.974023,1.820657,17.967675,0
2020-11-03,sz.002662,4.4000,4.4800,4.3300,4.4200,4.3000,44050922,193572724.0500,2.936800,1,2.790700,-3.947404,2.029112,1.871466,18.469098,0
2020-11-04,sz.002662,4.4100,4.5200,4.3400,4.4700,4.4200,42248429,186968812.5800,2.816600,1,1.131200,-3.992058,2.052066,1.892636,18.678025,0
2020-11-05,sz.002662,4.5200,4.6300,4.4400,4.5500,4.4700,76246209,346701837.5400,5.083100,1,1.789700,-4.063504,2.088792,1.926509,19.012307,0
2020-11-06,sz.002662,4.5300,4.6300,4.4200,4.5400,4.5500,58489230,263653840.6200,3.899300,1,-0.219800,-4.054573,2.084201,1.922275,18.970522,0
2020-11-09,sz.002662,4.5400,4.7400,4.4300,4.6900,4.5400,86752311,401021840.5000,5.783600,1,3.304000,-4.188535,2.153062,1.985786,19.597301,0
2020-11-10,sz.002662,4.6300,4.6800,4.4600,4.5800,4.6900,57976451,263531915.5600,3.865100,1,-2.345400,-4.090296,2.102564,1.939211,19.137663,0
2020-11-11,sz.002662,4.5800,4.6300,4.4200,4.4300,4.5800,40360405,182304057.5600,2.690700,1,-3.275100,-3.956335,2.033703,1.875700,18.510883,0
2020-11-12,sz.002662,4.5100,4.5200,4.3700,4.4400,4.4300,31759362,140858540.8100,2.117300,1,0.225700,-3.965265,2.038293,1.879934,18.552669,0
2020-11-13,sz.002662,4.4800,4.5400,4.4500,4.4900,4.4400,32712023,146758152.3900,2.180800,1,1.126100,-4.009919,2.061247,1.901104,18.761595,0
2020-11-16,sz.002662,4.4600,4.4800,4.3200,4.3900,4.4900,32908745,144093861.1300,2.193900,1,-2.227200,-3.920612,2.015340,1.858763,18.343742,0
2020-11-17,sz.002662,4.3600,4.4700,4.3400,4.3900,4.3900,29337882,128895649.7000,1.955900,1,0.000000,-3.920612,2.015340,1.858763,18.343742,0
2020-11-18,sz.002662,4.3800,4.4500,4.3400,4.4200,4.3900,26852738,118016371.7300,1.790200,1,0.683400,-3.947404,2.029112,1.871466,18.469098,0
2020-11-19,sz.002662,4.4400,4.5500,4.4100,4.5400,4.4200,48327660,217620955.4000,3.221900,1,2.714900,-4.054573,2.084201,1.922275,18.970522,0
2020-11-20,sz.002662,4.5200,4.6200,4.4800,4.5400,4.5400,45714253,208359154.3300,3.047700,1,0.000000,-4.054573,2.084201,1.922275,18.970522,0
2020-11-23,sz.002662,4.5300,4.6500,4.4300,4.6200,4.5400,59650622,271269918.1000,3.976800,1,1.762100,-4.126019,2.120927,1.956147,19.304804,0
2020-11-24,sz.002662,4.6700,5.0500,4.6100,4.8000,4.6200,127629471,617219191.1400,8.508700,1,3.896100,-4.286773,2.203561,2.032361,20.056939,0
2020-11-25,sz.002662,4.7600,5.0200,4.7100,4.7200,4.8000,106552546,516226558.2900,7.103600,1,-1.666700,-4.215327,2.166835,1.998488,19.722657,0
2020-11-26,sz.002662,4.6800,4.7800,4.4500,4.5400,4.7200,69295651,315534038.9800,4.619800,1,-3.813600,-4.054573,2.084201,1.922275,18.970522,0
2020-11-27,sz.002662,4.5400,4.6000,4.4200,4.5600,4.5400,49352006,222975452.8000,3.290200,1,0.440500,-4.072435,2.093383,1.930743,19.054092,0
2020-11-30,sz.002662,4.5600,4.6000,4.4300,4.4400,4.5600,49414596,222665874.1000,3.294300,1,-2.631600,-3.965265,2.038293,1.879934,18.552669,0
2020-12-01,sz.002662,4.3400,4.4200,4.1400,4.3300,4.4400,74950987,320491345.0100,4.996800,1,-2.477500,-3.867027,1.987795,1.833359,18.093030,0
2020-12-02,sz.002662,4.3200,4.3900,4.2300,4.2800,4.3300,47512915,204173315.7300,3.167600,1,-1.154700,-3.822373,1.964841,1.812188,17.884104,0
2020-12-03,sz.002662,4.2600,4.3300,4.2100,4.2900,4.2800,41713697,178054648.0600,2.780900,1,0.233600,-3.831304,1.969432,1.816423,17.925889,0
2020-12-04,sz.002662,4.2700,4.2800,4.2000,4.2000,4.2900,33659030,142194775.2500,2.244000,1,-2.097900,-3.750927,1.928115,1.778316,17.549822,0
2020-12-07,sz.002662,4.1900,4.2400,4.1500,4.1800,4.2000,23197092,97019136.5600,1.546500,1,-0.476200,-3.733065,1.918934,1.769848,17.466251,0
2020-12-08,sz.002662,4.1700,4.2400,4.1600,4.1900,4.1800,21586442,90761308.1500,1.439100,1,0.239200,-3.741996,1.923525,1.774082,17.508036,0
2020-12-09,sz.002662,4.2000,4.2100,4.0200,4.0200,4.1900,29328215,121000422.0100,1.955200,1,-4.057300,-3.590173,1.845482,1.702102,16.797686,0
2020-12-10,sz.002662,4.0600,4.0900,4.0100,4.0300,4.0200,17402102,70429045.4900,1.160200,1,0.248800,-3.599104,1.850073,1.706336,16.839472,0
2020-12-11,sz.002662,4.0700,4.0700,3.8700,4.0200,4.0300,30442385,120606038.8100,2.029500,1,-0.248100,-3.590173,1.845482,1.702102,16.797686,0
2020-12-14,sz.002662,4.0200,4.1400,3.9500,4.1000,4.0200,29408027,119844296.2100,1.960600,1,1.990000,-3.661619,1.882208,1.735975,17.131969,0
2020-12-15,sz.002662,4.1500,4.1800,4.0800,4.1200,4.1000,22758598,93916550.7600,1.517300,1,0.487800,-3.679481,1.891389,1.744443,17.215539,0
2020-12-16,sz.002662,4.1200,4.1800,4.0400,4.0500,4.1200,19867700,81235216.0000,1.324500,1,-1.699000,-3.616965,1.859254,1.714805,16.923042,0
2020-12-17,sz.002662,4.0400,4.0800,3.9300,4.0700,4.0500,23161405,93202930.2100,1.544100,1,0.493800,-3.634827,1.868436,1.723273,17.006613,0
2020-12-18,sz.002662,4.0700,4.1500,4.0300,4.0900,4.0700,23502624,96585429.3200,1.566900,1,0.491400,-3.652688,1.877617,1.731741,17.090184,0
2020-12-21,sz.002662,4.1000,4.1400,4.0600,4.1400,4.0900,23947039,98211905.5100,1.596500,1,1.222500,-3.697342,1.900571,1.752911,17.299110,0
2020-12-22,sz.002662,3.9500,4.0600,3.8900,4.0000,4.1400,34121400,135760077.3600,2.274800,1,-3.381600,-3.572311,1.836300,1.693634,16.714116,0
2020-12-23,sz.002662,3.9500,4.0600,3.9300,4.0200,4.0000,24937344,99968913.6800,1.662500,1,0.500000,-3.590173,1.845482,1.702102,16.797686,0
2020-12-24,sz.002662,4.0400,4.0500,3.8800,3.9100,4.0200,29753300,117870363.1200,1.983600,1,-2.736300,-3.491934,1.794984,1.655527,16.338048,0
2020-12-25,sz.002662,3.9100,3.9400,3.7300,3.7300,3.9100,36999119,140942656.7700,2.466600,1,-4.603600,-3.331180,1.712350,1.579314,15.585913,0
2020-12-28,sz.002662,3.7600,3.7600,3.5300,3.5300,3.7300,29380296,105697584.1600,1.958700,1,-5.361900,-3.152565,1.620535,1.494632,14.750207,0
2020-12-29,sz.002662,3.5200,3.5800,3.4700,3.5500,3.5300,14845338,52583560.3600,0.989700,1,0.566600,-3.170426,1.629717,1.503100,14.833778,0
2020-12-30,sz.002662,3.5200,3.5700,3.5100,3.5300,3.5500,12506838,44197646.8400,0.833800,1,-0.563400,-3.152565,1.620535,1.494632,14.750207,0
2020-12-31,sz.002662,3.5200,3.5800,3.4700,3.5600,3.5300,19595643,69289858.4700,1.306400,1,0.849900,-3.179357,1.634307,1.507334,14.875563,0
2021-01-04,sz.002662,3.6300,3.9200,3.6300,3.9200,3.5600,55494914,212695491.6000,3.699700,1,10.112400,-3.500865,1.799574,1.659761,16.379834,0
2021-01-05,sz.002662,4.0000,4.0000,3.8200,3.8500,3.9200,40107632,155239371.0600,2.673900,1,-1.785700,-3.438350,1.767439,1.630123,16.087337,0
2021-01-06,sz.002662,3.8200,3.8500,3.7000,3.7600,3.8500,24216610,90995172.7300,1.614500,1,-2.337700,-3.357973,1.726122,1.592016,15.711269,0
2021-01-07,sz.002662,3.7400,3.7600,3.6400,3.7100,3.7600,19519460,71774711.0000,1.301300,1,-1.329800,-3.313319,1.703169,1.570846,15.502343,0
2021-01-08,sz.002662,3.7400,3.7400,3.6300,3.6900,3.7100,14333073,52906891.1000,0.955600,1,-0.539100,-3.295457,1.693987,1.562377,15.418772,0
2021-01-11,sz.002662,3.7500,3.7500,3.6100,3.6400,3.6900,16316500,59923425.4000,1.087800,1,-1.355000,-3.250803,1.671033,1.541207,15.209845,0
2021-01-12,sz.002662,3.6100,3.6600,3.6000,3.6500,3.6400,13252484,48082374.5000,0.883500,1,0.274700,-3.259734,1.675624,1.545441,15.251631,0
2021-01-13,sz.002662,3.6500,3.6900,3.4800,3.5800,3.6500,22814932,81122927.1600,1.521000,1,-1.917800,-3.197219,1.643489,1.515803,14.959134,0
2021-01-14,sz.002662,3.5300,3.5700,3.5000,3.5300,3.5800,11235398,39692036.9400,0.749000,1,-1.396600,-3.152565,1.620535,1.494632,14.750207,0
2021-01-15,sz.002662,3.5100,3.6100,3.5100,3.5900,3.5300,12510206,44755798.4300,0.834000,1,1.699700,-3.206149,1.648080,1.520037,15.000919,0
